0.000000 0.000000 1742981116.552867 
0.000000 0.000000 1742981116.562635 
0.000000 0.000000 1742981116.572600 
0.000000 0.000000 1742981116.582568 
0.000000 0.000000 1742981116.592658 
0.000000 0.000000 1742981116.602593 
0.000000 0.000000 1742981116.612651 
0.000000 0.000000 1742981116.622599 
0.000000 0.000000 1742981116.632563 
0.000000 0.000000 1742981116.642646 
0.000000 0.000000 1742981116.652664 
0.000000 0.000000 1742981116.662645 
0.000000 0.000000 1742981116.672614 
0.000000 0.000000 1742981116.682546 
0.000000 0.000000 1742981116.692615 
0.000000 0.000000 1742981116.702641 
0.000000 0.000000 1742981116.712649 
0.000000 0.000000 1742981116.722623 
0.000000 0.000000 1742981116.732458 
0.000000 0.000000 1742981116.742639 
0.000000 0.000000 1742981116.752640 
0.000000 0.000000 1742981116.762646 
0.000000 0.000000 1742981116.772617 
0.000000 0.000000 1742981116.782613 
0.000000 0.000000 1742981116.792629 
0.000000 0.000000 1742981116.802541 
0.000000 0.000000 1742981116.812660 
0.000000 0.000000 1742981116.822607 
0.000000 0.000000 1742981116.832649 
0.000000 0.000000 1742981116.842660 
0.000000 0.000000 1742981116.852624 
0.000000 0.000000 1742981116.862656 
0.000000 0.000000 1742981116.872653 
0.000000 0.000000 1742981116.882653 
0.000000 0.000000 1742981116.892629 
0.000000 0.000000 1742981116.902765 
0.000000 0.000000 1742981116.912541 
0.000000 0.000000 1742981116.922659 
0.000000 0.000000 1742981116.932655 
0.000000 0.000000 1742981116.942633 
0.000000 0.000000 1742981116.952617 
0.000000 0.000000 1742981116.962601 
0.000000 0.000000 1742981116.972614 
0.000000 0.000000 1742981116.982617 
0.000000 0.000000 1742981116.992612 
0.000000 0.000000 1742981117.002608 
0.000000 0.000000 1742981117.012607 
0.000000 0.000000 1742981117.022605 
0.000000 0.000000 1742981117.032561 
0.000000 0.000000 1742981117.042614 
0.000000 0.000000 1742981117.052564 
0.000000 0.000000 1742981117.062606 
0.000000 0.000000 1742981117.072634 
0.000000 0.000000 1742981117.082597 
0.000000 0.000000 1742981117.092642 
0.000000 0.000000 1742981117.102563 
0.000000 0.000000 1742981117.112561 
0.000000 0.000000 1742981117.122606 
0.000000 0.000000 1742981117.132605 
0.000000 0.000000 1742981117.142626 
0.000000 0.000000 1742981117.152577 
0.000000 0.000000 1742981117.162626 
0.000000 0.000000 1742981117.172572 
0.000000 0.000000 1742981117.182670 
0.000000 0.000000 1742981117.192645 
0.000000 0.000000 1742981117.202563 
0.000000 0.000000 1742981117.212626 
0.000000 0.000000 1742981117.222640 
0.000000 0.000000 1742981117.232683 
0.000000 0.000000 1742981117.242676 
0.000000 0.000000 1742981117.252633 
0.000000 0.000000 1742981117.262570 
0.000000 0.000000 1742981117.272644 
0.000000 0.000000 1742981117.282678 
0.000000 0.000000 1742981117.292684 
0.000000 0.000000 1742981117.302643 
0.000000 0.000000 1742981117.312646 
0.000000 0.000000 1742981117.322675 
0.000000 0.000000 1742981117.332662 
0.000000 0.000000 1742981117.342669 
0.000000 0.000000 1742981117.352682 
0.000000 0.000000 1742981117.362581 
0.000000 0.000000 1742981117.372623 
0.000000 0.000000 1742981117.382653 
0.000000 0.000000 1742981117.392654 
0.000000 0.000000 1742981117.402670 
0.000000 0.000000 1742981117.412635 
0.000000 0.000000 1742981117.422634 
0.000000 0.000000 1742981117.432646 
0.000000 0.000000 1742981117.442641 
0.000000 0.000000 1742981117.452646 
0.000000 0.000000 1742981117.462642 
0.000000 0.000000 1742981117.472641 
0.000000 0.000000 1742981117.482600 
0.000000 0.000000 1742981117.492605 
0.000000 0.000000 1742981117.502618 
0.000000 0.000000 1742981117.512565 
0.000000 0.000000 1742981117.522562 
0.000000 0.000000 1742981117.532560 
0.000000 0.000000 1742981117.542562 
0.000000 0.000000 1742981117.552565 
0.000000 0.000000 1742981117.562561 
0.000000 0.000000 1742981117.572558 
0.000000 0.000000 1742981117.582662 
0.000000 0.000000 1742981117.592713 
0.000000 0.000000 1742981117.602829 
0.000000 0.000000 1742981117.612565 
0.000000 0.000000 1742981117.622634 
0.000000 0.000000 1742981117.632617 
0.000000 0.000000 1742981117.642575 
0.000000 0.000000 1742981117.652763 
0.000000 0.000000 1742981117.662574 
0.000000 0.000000 1742981117.672583 
0.000000 0.000000 1742981117.682570 
0.000000 0.000000 1742981117.692565 
0.000000 0.000000 1742981117.702653 
0.000000 0.000000 1742981117.712573 
0.000000 0.000000 1742981117.722528 
0.000000 0.000000 1742981117.732613 
0.000000 0.000000 1742981117.742617 
0.000000 0.000000 1742981117.752570 
0.000000 0.000000 1742981117.762548 
0.000000 0.000000 1742981117.772764 
0.000000 0.000000 1742981117.782650 
0.000000 0.000000 1742981117.792578 
0.000000 0.000000 1742981117.802670 
0.000000 0.000000 1742981117.812531 
0.000000 0.000000 1742981117.822600 
0.000000 0.000000 1742981117.832599 
0.000000 0.000000 1742981117.842607 
0.000000 0.000000 1742981117.852657 
0.000000 0.000000 1742981117.862601 
0.000000 0.000000 1742981117.872601 
0.000000 0.000000 1742981117.882601 
0.000000 0.000000 1742981117.892576 
0.000000 0.000000 1742981117.902598 
0.000000 0.000000 1742981117.912598 
0.000000 0.000000 1742981117.922715 
0.000000 0.000000 1742981117.932699 
0.000000 0.000000 1742981117.942642 
0.000000 0.000000 1742981117.952606 
0.000000 0.000000 1742981117.962603 
0.000000 0.000000 1742981117.972598 
0.000000 0.000000 1742981117.982645 
0.000000 0.000000 1742981117.992547 
0.000000 0.000000 1742981118.002681 
0.000000 0.000000 1742981118.012712 
0.000000 0.000000 1742981118.022594 
0.000000 0.000000 1742981118.032662 
0.000000 0.000000 1742981118.042765 
0.000000 0.000000 1742981118.052751 
0.000000 0.000000 1742981118.062579 
0.000000 0.000000 1742981118.072574 
0.000000 0.000000 1742981118.082637 
0.000000 0.000000 1742981118.092578 
0.000000 0.000000 1742981118.102664 
0.000205 0.000000 1742981118.112660 
0.000359 0.015367 1742981118.122747 
0.000871 0.020490 1742981118.132608 
0.001229 0.035857 1742981118.142550 
0.001486 0.035857 1742981118.152590 
0.001844 0.035857 1742981118.162641 
0.002254 0.035857 1742981118.172659 
0.002715 0.040980 1742981118.182642 
0.003278 0.046102 1742981118.192676 
0.003842 0.056347 1742981118.202681 
0.004508 0.056347 1742981118.212663 
0.005276 0.066592 1742981118.222661 
0.006045 0.076837 1742981118.232619 
0.006967 0.076837 1742981118.242775 
0.007889 0.092205 1742981118.252750 
0.008913 0.092205 1742981118.262612 
0.009989 0.102450 1742981118.272551 
0.011065 0.107573 1742981118.282571 
0.012294 0.107573 1742981118.292571 
0.013626 0.122940 1742981118.302592 
0.015009 0.133185 1742981118.312595 
0.016494 0.138307 1742981118.322684 
0.018134 0.148552 1742981118.332798 
0.019773 0.163920 1742981118.342635 
0.021412 0.163920 1742981118.352661 
0.023307 0.163920 1742981118.362753 
0.025151 0.184410 1742981118.372611 
0.026995 0.184410 1742981118.382730 
0.029044 0.184410 1742981118.392653 
0.031093 0.204900 1742981118.402703 
0.033193 0.204900 1742981118.412627 
0.035396 0.210022 1742981118.422661 
0.037598 0.220268 1742981118.432569 
0.039852 0.220268 1742981118.442597 
0.042157 0.225390 1742981118.452622 
0.044564 0.230512 1742981118.462661 
0.046869 0.230512 1742981118.472550 
0.049277 0.240757 1742981118.482571 
0.051581 0.230512 1742981118.492675 
0.053988 0.240757 1742981118.502604 
0.056396 0.240757 1742981118.512688 
0.058905 0.240757 1742981118.522607 
0.061312 0.240757 1742981118.532602 
0.063822 0.251002 1742981118.542717 
0.066229 0.240757 1742981118.552623 
0.068687 0.245880 1742981118.562520 
0.071145 0.245880 1742981118.572612 
0.073654 0.245880 1742981118.582749 
0.076112 0.245880 1742981118.592642 
0.078518 0.245880 1742981118.602641 
0.080874 0.240757 1742981118.612653 
0.083280 0.240757 1742981118.622636 
0.085635 0.235635 1742981118.632619 
0.088042 0.240757 1742981118.642633 
0.090397 0.235635 1742981118.652645 
0.092701 0.235635 1742981118.662700 
0.095056 0.235635 1742981118.672645 
0.097411 0.235635 1742981118.682664 
0.099663 0.235635 1742981118.692650 
0.101865 0.225390 1742981118.702634 
0.104117 0.225390 1742981118.712637 
0.106421 0.225390 1742981118.722582 
0.108775 0.230512 1742981118.732698 
0.110977 0.230512 1742981118.742675 
0.113280 0.230512 1742981118.752608 
0.115532 0.225390 1742981118.762654 
0.117835 0.230512 1742981118.772657 
0.119985 0.225390 1742981118.782638 
0.122186 0.220268 1742981118.792649 
0.124335 0.215145 1742981118.802678 
0.126485 0.215145 1742981118.812617 
0.128634 0.215145 1742981118.822672 
0.130733 0.215145 1742981118.832639 
0.132882 0.215145 1742981118.842642 
0.134980 0.210022 1742981118.852599 
0.137078 0.210022 1742981118.862650 
0.139125 0.210022 1742981118.872550 
0.141172 0.204900 1742981118.882544 
0.143167 0.204900 1742981118.892597 
0.145214 0.204900 1742981118.902584 
0.147261 0.204900 1742981118.912604 
0.149205 0.204900 1742981118.922616 
0.151149 0.194655 1742981118.932612 
0.153093 0.194655 1742981118.942606 
0.155088 0.194655 1742981118.952577 
0.157084 0.199778 1742981118.962638 
0.159130 0.199778 1742981118.972596 
0.161023 0.199778 1742981118.982559 
0.162967 0.194655 1742981118.992554 
0.164962 0.194655 1742981119.002595 
0.167008 0.199778 1742981119.012595 
0.169003 0.199778 1742981119.022561 
0.170999 0.199778 1742981119.032565 
0.172994 0.199778 1742981119.042587 
0.174989 0.199778 1742981119.052567 
0.176984 0.199778 1742981119.062685 
0.178979 0.199778 1742981119.072572 
0.180974 0.199778 1742981119.082605 
0.183020 0.199778 1742981119.092607 
0.185066 0.204900 1742981119.102613 
0.187061 0.204900 1742981119.112567 
0.189107 0.204900 1742981119.122560 
0.191153 0.204900 1742981119.132567 
0.193199 0.204900 1742981119.142614 
0.195296 0.204900 1742981119.152582 
0.197393 0.210022 1742981119.162624 
0.199387 0.210022 1742981119.172613 
0.201433 0.204900 1742981119.182595 
0.203479 0.204900 1742981119.192582 
0.205371 0.204900 1742981119.202556 
0.207467 0.204900 1742981119.212441 
0.209360 0.189532 1742981119.222456 
0.211456 0.210022 1742981119.232383 
0.213400 0.194655 1742981119.242391 
0.215394 0.199778 1742981119.252438 
0.217440 0.199778 1742981119.262419 
0.219383 0.199778 1742981119.272354 
0.221377 0.199778 1742981119.282363 
0.223423 0.199778 1742981119.292508 
0.225418 0.199778 1742981119.302506 
0.227463 0.204900 1742981119.312505 
0.229458 0.199778 1742981119.322602 
0.231504 0.204900 1742981119.332645 
0.233600 0.204900 1742981119.342641 
0.235646 0.204900 1742981119.352630 
0.237743 0.210022 1742981119.362586 
0.239687 0.204900 1742981119.372585 
0.241835 0.210022 1742981119.382564 
0.243829 0.199778 1742981119.392594 
0.245926 0.210022 1742981119.402606 
0.248023 0.210022 1742981119.412596 
0.250069 0.210022 1742981119.422537 
0.252166 0.210022 1742981119.432414 
0.254212 0.204900 1742981119.442392 
0.256258 0.204900 1742981119.452490 
0.258355 0.204900 1742981119.462495 
0.260401 0.204900 1742981119.472439 
0.262498 0.210022 1742981119.482597 
0.264492 0.204900 1742981119.492585 
0.266538 0.204900 1742981119.502705 
0.268584 0.204900 1742981119.512601 
0.270528 0.204900 1742981119.522594 
0.272625 0.204900 1742981119.532623 
0.274569 0.194655 1742981119.542623 
0.276615 0.204900 1742981119.552667 
0.278712 0.204900 1742981119.562619 
0.280759 0.204900 1742981119.572622 
0.282805 0.204900 1742981119.582658 
0.284851 0.204900 1742981119.592679 
0.286949 0.204900 1742981119.602581 
0.288995 0.204900 1742981119.612633 
0.291093 0.210022 1742981119.622605 
0.293088 0.204900 1742981119.632577 
0.295135 0.204900 1742981119.642639 
0.297232 0.204900 1742981119.652637 
0.299330 0.210022 1742981119.662685 
0.301377 0.210022 1742981119.672650 
0.303475 0.210022 1742981119.682633 
0.305521 0.204900 1742981119.692598 
0.307568 0.204900 1742981119.702589 
0.309666 0.204900 1742981119.712625 
0.311662 0.204900 1742981119.722687 
0.313760 0.210022 1742981119.732656 
0.315858 0.210022 1742981119.742608 
0.317956 0.210022 1742981119.752577 
0.320105 0.210022 1742981119.762631 
0.322255 0.215145 1742981119.772638 
0.324302 0.215145 1742981119.782625 
0.326451 0.215145 1742981119.792602 
0.328447 0.204900 1742981119.802611 
0.330546 0.210022 1742981119.812572 
0.332593 0.204900 1742981119.822660 
0.334640 0.204900 1742981119.832606 
0.336688 0.204900 1742981119.842618 
0.338684 0.204900 1742981119.852677 
0.340680 0.199778 1742981119.862732 
0.342728 0.199778 1742981119.872651 
0.344724 0.199778 1742981119.882630 
0.346720 0.199778 1742981119.892641 
0.348716 0.199778 1742981119.902576 
0.350662 0.199778 1742981119.912628 
0.352709 0.199778 1742981119.922615 
0.354654 0.194655 1742981119.932660 
0.356651 0.199778 1742981119.942698 
0.358647 0.199778 1742981119.952718 
0.360644 0.199778 1742981119.962625 
0.362640 0.199778 1742981119.972687 
0.364637 0.199778 1742981119.982623 
0.366582 0.199778 1742981119.992616 
0.368579 0.199778 1742981120.002681 
0.370575 0.199778 1742981120.012636 
0.372623 0.199778 1742981120.022632 
0.374671 0.204900 1742981120.032627 
0.376668 0.204900 1742981120.042626 
0.378716 0.204900 1742981120.052625 
0.380764 0.204900 1742981120.062730 
0.382812 0.204900 1742981120.072648 
0.384911 0.204900 1742981120.082645 
0.387010 0.210022 1742981120.092557 
0.389110 0.210022 1742981120.102656 
0.391209 0.210022 1742981120.112600 
0.393257 0.210022 1742981120.122597 
0.395408 0.210022 1742981120.132642 
0.397609 0.215145 1742981120.142634 
0.399760 0.215145 1742981120.152682 
0.401910 0.215145 1742981120.162665 
0.404112 0.215145 1742981120.172676 
0.406314 0.220268 1742981120.182660 
0.408362 0.220268 1742981120.192631 
0.410462 0.210022 1742981120.202576 
0.412561 0.210022 1742981120.212585 
0.414558 0.210022 1742981120.222643 
0.416658 0.210022 1742981120.232589 
0.418706 0.204900 1742981120.242667 
0.420652 0.204900 1742981120.252648 
0.422701 0.204900 1742981120.262648 
0.424698 0.199778 1742981120.272635 
0.426746 0.204900 1742981120.282720 
0.428795 0.204900 1742981120.292649 
0.430843 0.204900 1742981120.302578 
0.432994 0.204900 1742981120.312574 
0.434991 0.204900 1742981120.322689 
0.437142 0.215145 1742981120.332648 
0.439140 0.199778 1742981120.342604 
0.441188 0.204900 1742981120.352546 
0.443237 0.204900 1742981120.362605 
0.445285 0.204900 1742981120.372628 
0.447334 0.204900 1742981120.382633 
0.449331 0.204900 1742981120.392595 
0.451380 0.204900 1742981120.402574 
0.453531 0.204900 1742981120.412615 
0.455580 0.204900 1742981120.422564 
0.457731 0.215145 1742981120.432615 
0.459882 0.215145 1742981120.442549 
0.461982 0.215145 1742981120.452580 
0.464082 0.210022 1742981120.462627 
0.466130 0.210022 1742981120.472619 
0.468230 0.210022 1742981120.482642 
0.470330 0.210022 1742981120.492623 
0.472379 0.210022 1742981120.502598 
0.474428 0.204900 1742981120.512597 
0.476425 0.204900 1742981120.522572 
0.478577 0.204900 1742981120.532617 
0.480677 0.210022 1742981120.542610 
0.482725 0.210022 1742981120.552608 
0.484825 0.210022 1742981120.562585 
0.486823 0.204900 1742981120.572607 
0.488923 0.210022 1742981120.582575 
0.491023 0.210022 1742981120.592570 
0.493072 0.210022 1742981120.602596 
0.495121 0.204900 1742981120.612598 
0.497067 0.204900 1742981120.622564 
0.499116 0.204900 1742981120.632574 
0.501114 0.199778 1742981120.642585 
0.503112 0.199778 1742981120.652632 
0.505160 0.199778 1742981120.662642 
0.507107 0.199778 1742981120.672609 
0.509156 0.204900 1742981120.682591 
0.511205 0.204900 1742981120.692596 
0.513202 0.204900 1742981120.702604 
0.515200 0.199778 1742981120.712585 
0.517300 0.199778 1742981120.722634 
0.519298 0.199778 1742981120.732621 
0.521347 0.204900 1742981120.742606 
0.523293 0.199778 1742981120.752607 
0.525189 0.194655 1742981120.762580 
0.527186 0.194655 1742981120.772651 
0.529184 0.199778 1742981120.782624 
0.531233 0.199778 1742981120.792631 
0.533180 0.199778 1742981120.802596 
0.535177 0.199778 1742981120.812589 
0.537226 0.199778 1742981120.822596 
0.539275 0.204900 1742981120.832577 
0.541324 0.204900 1742981120.842524 
0.543271 0.204900 1742981120.852600 
0.545217 0.194655 1742981120.862652 
0.547266 0.194655 1742981120.872599 
0.549264 0.199778 1742981120.882627 
0.551262 0.199778 1742981120.892578 
0.553157 0.199778 1742981120.902627 
0.555155 0.199778 1742981120.912585 
0.557050 0.189532 1742981120.922572 
0.559048 0.199778 1742981120.932604 
0.561046 0.199778 1742981120.942581 
0.562992 0.199778 1742981120.952594 
0.564939 0.194655 1742981120.962574 
0.566937 0.194655 1742981120.972583 
0.568935 0.199778 1742981120.982590 
0.571035 0.199778 1742981120.992563 
0.573033 0.199778 1742981121.002590 
0.575082 0.204900 1742981121.012552 
0.577131 0.204900 1742981121.022564 
0.579231 0.204900 1742981121.032549 
0.581229 0.204900 1742981121.042558 
0.583329 0.210022 1742981121.052542 
0.585378 0.204900 1742981121.062688 
0.587427 0.204900 1742981121.072693 
0.589578 0.204900 1742981121.082653 
0.591627 0.204900 1742981121.092612 
0.593779 0.215145 1742981121.102633 
0.595879 0.210022 1742981121.112682 
0.597979 0.210022 1742981121.122599 
0.600182 0.210022 1742981121.132597 
0.602231 0.210022 1742981121.142639 
0.604485 0.220268 1742981121.152613 
0.606636 0.215145 1742981121.162631 
0.608839 0.220268 1742981121.172597 
0.611092 0.220268 1742981121.182643 
0.613346 0.225390 1742981121.192624 
0.615395 0.225390 1742981121.202628 
0.617495 0.210022 1742981121.212614 
0.619544 0.204900 1742981121.222618 
0.621645 0.210022 1742981121.232618 
0.623591 0.204900 1742981121.242619 
0.625589 0.199778 1742981121.252625 
0.627586 0.199778 1742981121.262637 
0.629584 0.199778 1742981121.272617 
0.631633 0.199778 1742981121.282679 
0.633682 0.204900 1742981121.292657 
0.635731 0.204900 1742981121.302638 
0.637626 0.204900 1742981121.312621 
0.639675 0.204900 1742981121.322607 
0.641673 0.199778 1742981121.332666 
0.643619 0.199778 1742981121.342633 
0.645719 0.199778 1742981121.352585 
0.647717 0.199778 1742981121.362659 
0.649766 0.204900 1742981121.372608 
0.651814 0.204900 1742981121.382648 
0.653863 0.204900 1742981121.392618 
0.655963 0.204900 1742981121.402645 
0.658012 0.204900 1742981121.412637 
0.660112 0.210022 1742981121.422652 
0.662264 0.210022 1742981121.432574 
0.664364 0.210022 1742981121.442622 
0.666515 0.215145 1742981121.452628 
0.668666 0.215145 1742981121.462627 
0.670766 0.215145 1742981121.472626 
0.672866 0.210022 1742981121.482637 
0.674966 0.210022 1742981121.492614 
0.677066 0.210022 1742981121.502586 
0.679115 0.210022 1742981121.512621 
0.681266 0.210022 1742981121.522594 
0.683366 0.210022 1742981121.532561 
0.685415 0.210022 1742981121.542615 
0.687566 0.210022 1742981121.552607 
0.689564 0.204900 1742981121.562598 
0.691664 0.210022 1742981121.572696 
0.693661 0.199778 1742981121.582676 
0.695761 0.210022 1742981121.592648 
0.697759 0.199778 1742981121.602682 
0.699859 0.210022 1742981121.612628 
0.701907 0.204900 1742981121.622664 
0.703854 0.204900 1742981121.632647 
0.705902 0.204900 1742981121.642627 
0.707798 0.194655 1742981121.652641 
0.709744 0.194655 1742981121.662688 
0.711844 0.194655 1742981121.672638 
0.713841 0.199778 1742981121.682677 
0.715839 0.199778 1742981121.692682 
0.717887 0.199778 1742981121.702666 
0.719936 0.204900 1742981121.712635 
0.721985 0.204900 1742981121.722630 
0.723982 0.204900 1742981121.732670 
0.726031 0.204900 1742981121.742707 
0.728028 0.199778 1742981121.752667 
0.730026 0.199778 1742981121.762678 
0.732074 0.199778 1742981121.772662 
0.734123 0.204900 1742981121.782664 
0.736172 0.204900 1742981121.792676 
0.738323 0.204900 1742981121.802626 
0.740218 0.204900 1742981121.812609 
0.742266 0.204900 1742981121.822591 
0.744264 0.199778 1742981121.832559 
0.746312 0.204900 1742981121.842574 
0.748361 0.204900 1742981121.852575 
0.750359 0.204900 1742981121.862664 
0.752458 0.204900 1742981121.872628 
0.754456 0.199778 1742981121.882645 
0.756453 0.199778 1742981121.892581 
0.758451 0.199778 1742981121.902565 
0.760499 0.199778 1742981121.912606 
0.762548 0.204900 1742981121.922605 
0.764596 0.204900 1742981121.932594 
0.766543 0.204900 1742981121.942577 
0.768643 0.204900 1742981121.952570 
0.770640 0.199778 1742981121.962592 
0.772637 0.199778 1742981121.972612 
0.774737 0.199778 1742981121.982619 
0.776734 0.199778 1742981121.992597 
0.778783 0.204900 1742981122.002559 
0.780780 0.199778 1742981122.012670 
0.782778 0.199778 1742981122.022586 
0.784877 0.199778 1742981122.032550 
0.786926 0.204900 1742981122.042571 
0.788923 0.204900 1742981122.052526 
0.790972 0.204900 1742981122.062699 
0.793020 0.204900 1742981122.072600 
0.795069 0.204900 1742981122.082561 
0.797117 0.204900 1742981122.092572 
0.799063 0.204900 1742981122.102584 
0.801112 0.204900 1742981122.112603 
0.803314 0.204900 1742981122.122560 
0.805311 0.204900 1742981122.132552 
0.807513 0.220268 1742981122.142593 
0.809613 0.210022 1742981122.152563 
0.811763 0.215145 1742981122.162656 
0.813965 0.215145 1742981122.172627 
0.816167 0.220268 1742981122.182622 
0.818267 0.220268 1742981122.192603 
0.820418 0.215145 1742981122.202597 
0.822466 0.210022 1742981122.212595 
0.824566 0.210022 1742981122.222550 
0.826614 0.204900 1742981122.232550 
0.828612 0.204900 1742981122.242622 
0.830609 0.199778 1742981122.252675 
0.832760 0.199778 1742981122.262672 
0.834757 0.199778 1742981122.272603 
0.836856 0.210022 1742981122.282654 
0.838853 0.199778 1742981122.292598 
0.840850 0.199778 1742981122.302568 
0.842847 0.199778 1742981122.312636 
0.844845 0.199778 1742981122.322592 
0.846790 0.199778 1742981122.332595 
0.848788 0.199778 1742981122.342652 
0.850785 0.199778 1742981122.352576 
0.852782 0.199778 1742981122.362622 
0.854728 0.199778 1742981122.372601 
0.856725 0.199778 1742981122.382614 
0.858722 0.199778 1742981122.392625 
0.860668 0.199778 1742981122.402635 
0.862716 0.199778 1742981122.412620 
0.864713 0.199778 1742981122.422644 
0.866710 0.199778 1742981122.432759 
0.868656 0.199778 1742981122.442684 
0.870653 0.199778 1742981122.452617 
0.872650 0.199778 1742981122.462677 
0.874647 0.199778 1742981122.472604 
0.876695 0.199778 1742981122.482669 
0.878743 0.204900 1742981122.492568 
0.880740 0.204900 1742981122.502573 
0.882840 0.204900 1742981122.512621 
0.884939 0.210022 1742981122.522646 
0.886987 0.210022 1742981122.532617 
0.889087 0.210022 1742981122.542626 
0.891084 0.204900 1742981122.552643 
0.893183 0.210022 1742981122.562624 
0.895232 0.204900 1742981122.572537 
0.897331 0.210022 1742981122.582654 
0.899533 0.210022 1742981122.592642 
0.901479 0.210022 1742981122.602622 
0.903578 0.210022 1742981122.612685 
0.905678 0.210022 1742981122.622657 
0.907777 0.210022 1742981122.632586 
0.909877 0.210022 1742981122.642635 
0.911823 0.210022 1742981122.652632 
0.913922 0.210022 1742981122.662632 
0.916022 0.210022 1742981122.672690 
0.918121 0.210022 1742981122.682676 
0.920221 0.210022 1742981122.692617 
0.922371 0.210022 1742981122.702564 
0.924471 0.210022 1742981122.712587 
0.926571 0.210022 1742981122.722656 
0.928721 0.210022 1742981122.732632 
0.930769 0.210022 1742981122.742595 
0.932818 0.204900 1742981122.752636 
0.934968 0.204900 1742981122.762594 
0.937068 0.210022 1742981122.772656 
0.939167 0.210022 1742981122.782624 
0.941267 0.210022 1742981122.792682 
0.943366 0.210022 1742981122.802685 
0.945517 0.210022 1742981122.812651 
0.947668 0.215145 1742981122.822699 
0.949767 0.215145 1742981122.832645 
0.951816 0.210022 1742981122.842663 
0.953864 0.204900 1742981122.852588 
0.955861 0.204900 1742981122.862689 
0.957909 0.204900 1742981122.872626 
0.959958 0.204900 1742981122.882657 
0.961955 0.204900 1742981122.892638 
0.963952 0.199778 1742981122.902701 
0.966000 0.199778 1742981122.912646 
0.967998 0.199778 1742981122.922723 
0.970046 0.204900 1742981122.932656 
0.972043 0.199778 1742981122.942708 
0.974091 0.204900 1742981122.952634 
0.976089 0.199778 1742981122.962657 
0.978086 0.199778 1742981122.972668 
0.980134 0.199778 1742981122.982691 
0.982131 0.199778 1742981122.992661 
0.984128 0.199778 1742981123.002687 
0.986074 0.199778 1742981123.012658 
0.988071 0.199778 1742981123.022690 
0.990120 0.199778 1742981123.032646 
0.992065 0.199778 1742981123.042631 
0.994011 0.194655 1742981123.052634 
0.996008 0.194655 1742981123.062647 
0.998006 0.199778 1742981123.072568 
1.000054 0.199778 1742981123.082675 
1.002102 0.204900 1742981123.092672 
1.004099 0.204900 1742981123.102648 
1.006148 0.204900 1742981123.112636 
1.008145 0.199778 1742981123.122637 
1.010142 0.199778 1742981123.132635 
1.012241 0.199778 1742981123.142602 
1.014290 0.204900 1742981123.152604 
1.016338 0.204900 1742981123.162780 
1.018540 0.204900 1742981123.172728 
1.020691 0.215145 1742981123.182764 
1.022790 0.215145 1742981123.192608 
1.024890 0.210022 1742981123.202650 
1.026989 0.210022 1742981123.212646 
1.029089 0.210022 1742981123.222643 
1.031086 0.210022 1742981123.232594 
1.033134 0.204900 1742981123.242601 
1.035131 0.199778 1742981123.252532 
1.037231 0.204900 1742981123.262673 
1.039279 0.204900 1742981123.272581 
1.041276 0.204900 1742981123.282616 
1.043325 0.204900 1742981123.292574 
1.045373 0.204900 1742981123.302581 
1.047421 0.204900 1742981123.312579 
1.049470 0.204900 1742981123.322630 
1.051467 0.204900 1742981123.332584 
1.053515 0.204900 1742981123.342570 
1.055563 0.204900 1742981123.352597 
1.057612 0.204900 1742981123.362610 
1.059609 0.204900 1742981123.372614 
1.061657 0.204900 1742981123.382589 
1.063706 0.204900 1742981123.392657 
1.065754 0.204900 1742981123.402564 
1.067802 0.204900 1742981123.412589 
1.069800 0.204900 1742981123.422558 
1.071848 0.204900 1742981123.432546 
1.073948 0.204900 1742981123.442586 
1.075996 0.204900 1742981123.452585 
1.078095 0.210022 1742981123.462652 
1.080144 0.204900 1742981123.472597 
1.082243 0.210022 1742981123.482607 
1.084343 0.210022 1742981123.492559 
1.086391 0.210022 1742981123.502587 
1.088440 0.204900 1742981123.512594 
1.090539 0.204900 1742981123.522644 
1.092639 0.210022 1742981123.532565 
1.094738 0.210022 1742981123.542592 
1.096736 0.210022 1742981123.552600 
1.098784 0.204900 1742981123.562637 
1.100832 0.204900 1742981123.572627 
1.102983 0.204900 1742981123.582638 
1.105032 0.204900 1742981123.592638 
1.107080 0.204900 1742981123.602653 
1.109129 0.204900 1742981123.612658 
1.111177 0.204900 1742981123.622656 
1.113225 0.204900 1742981123.632586 
1.115171 0.204900 1742981123.642604 
1.117169 0.199778 1742981123.652618 
1.119166 0.199778 1742981123.662705 
1.121214 0.199778 1742981123.672663 
1.123314 0.204900 1742981123.682683 
1.125311 0.204900 1742981123.692632 
1.127411 0.210022 1742981123.702610 
1.129357 0.199778 1742981123.712586 
1.131354 0.199778 1742981123.722613 
1.133351 0.199778 1742981123.732571 
1.135349 0.199778 1742981123.742642 
1.137346 0.199778 1742981123.752653 
1.139343 0.199778 1742981123.762605 
1.141289 0.199778 1742981123.772632 
1.143338 0.199778 1742981123.782631 
1.145284 0.194655 1742981123.792605 
1.147332 0.204900 1742981123.802617 
1.149227 0.194655 1742981123.812641 
1.151071 0.189532 1742981123.822614 
1.153068 0.189532 1742981123.832671 
1.154963 0.189532 1742981123.842619 
1.156858 0.189532 1742981123.852618 
1.158753 0.189532 1742981123.862604 
1.160597 0.189532 1742981123.872612 
1.162492 0.189532 1742981123.882566 
1.164336 0.184410 1742981123.892620 
1.166179 0.184410 1742981123.902574 
1.167511 0.184410 1742981123.912558 
1.169047 0.153675 1742981123.922551 
1.170738 0.153675 1742981123.932587 
1.172377 0.163920 1742981123.942616 
1.173913 0.163920 1742981123.952601 
1.175398 0.153675 1742981123.962616 
1.176884 0.148552 1742981123.972637 
1.178318 0.148552 1742981123.982650 
1.179752 0.143430 1742981123.992610 
1.181135 0.143430 1742981124.002623 
1.182518 0.138307 1742981124.012621 
1.183747 0.138307 1742981124.022660 
1.184976 0.122940 1742981124.032654 
1.186257 0.122940 1742981124.042690 
1.187435 0.122940 1742981124.052680 
1.188664 0.122940 1742981124.062703 
1.189791 0.117818 1742981124.072564 
1.190969 0.117818 1742981124.082597 
1.192147 0.117818 1742981124.092532 
1.193274 0.117818 1742981124.102654 
1.193837 0.112695 1742981124.112793 
1.194400 0.056347 1742981124.122618 
1.195271 0.056347 1742981124.132598 
1.196039 0.076837 1742981124.142620 
1.196654 0.076837 1742981124.152609 
1.197371 0.071715 1742981124.162583 
1.197934 0.061470 1742981124.172624 
1.198395 0.056347 1742981124.182652 
1.199010 0.056347 1742981124.192625 
1.199317 0.046102 1742981124.202653 
1.199624 0.030735 1742981124.212597 
1.199829 0.030735 1742981124.222622 
1.199983 0.020490 1742981124.232624 
1.200085 0.015367 1742981124.242601 
1.200085 0.010245 1742981124.252576 
1.200085 0.000000 1742981124.262622 
1.200137 0.000000 1742981124.272607 
1.200137 0.000000 1742981124.282626 
1.200137 0.000000 1742981124.292576 
1.200188 0.000000 1742981124.302527 
1.200188 0.000000 1742981124.312677 
1.200188 0.000000 1742981124.322569 
1.200188 0.000000 1742981124.332628 
1.200188 0.000000 1742981124.342624 
1.200188 0.000000 1742981124.352591 
1.200188 0.000000 1742981124.362668 
1.200188 0.000000 1742981124.372682 
1.200188 0.000000 1742981124.382684 
1.200188 0.000000 1742981124.392654 
1.200188 0.000000 1742981124.402652 
1.200188 0.000000 1742981124.412632 
1.200188 0.000000 1742981124.422692 
1.200188 0.000000 1742981124.432699 
1.200188 0.000000 1742981124.442654 
1.200188 0.000000 1742981124.452655 
1.200188 0.000000 1742981124.462731 
1.200188 0.000000 1742981124.472622 
1.200188 0.000000 1742981124.482730 
1.200188 0.000000 1742981124.492627 
1.200188 0.000000 1742981124.502676 
1.200188 0.000000 1742981124.512638 
1.200188 0.000000 1742981124.522653 
1.200188 0.000000 1742981124.532673 
1.200188 0.000000 1742981124.542663 
1.200188 0.000000 1742981124.552703 
1.200188 0.000000 1742981124.562630 
1.200188 0.000000 1742981124.572600 
1.200188 0.000000 1742981124.582636 
1.200188 0.000000 1742981124.592605 
1.200188 0.000000 1742981124.602606 
1.200188 0.000000 1742981124.612581 
1.200188 0.000000 1742981124.622566 
1.200188 0.000000 1742981124.632596 
1.200188 0.000000 1742981124.642580 
1.200188 0.000000 1742981124.652608 
1.200188 0.000000 1742981124.662623 
1.200188 0.000000 1742981124.672606 
1.200188 0.000000 1742981124.682621 
1.200188 0.000000 1742981124.692595 
1.200188 0.000000 1742981124.702593 
1.200188 0.000000 1742981124.712561 
1.200188 0.000000 1742981124.722597 
1.200188 0.000000 1742981124.732565 
1.200188 0.000000 1742981124.742559 
1.200188 0.000000 1742981124.752569 
1.200188 0.000000 1742981124.762629 
1.200188 0.000000 1742981124.772589 
1.200188 0.000000 1742981124.782574 
1.200188 0.000000 1742981124.792609 
1.200188 0.000000 1742981124.802587 
1.200188 0.000000 1742981124.812566 
1.200188 0.000000 1742981124.822572 
1.200188 0.000000 1742981124.832589 
1.200188 0.000000 1742981124.842579 
1.200188 0.000000 1742981124.852570 
1.200188 0.000000 1742981124.862556 
1.200188 0.000000 1742981124.872628 
1.200188 0.000000 1742981124.882569 
1.200188 0.000000 1742981124.892580 
1.200188 0.000000 1742981124.902557 
1.200188 0.000000 1742981124.912606 
1.200188 0.000000 1742981124.922598 
1.200188 0.000000 1742981124.932533 
1.200188 0.000000 1742981124.942546 
1.200188 0.000000 1742981124.952600 
1.200188 0.000000 1742981124.962607 
1.200188 0.000000 1742981124.972680 
1.200188 0.000000 1742981124.982579 
1.200188 0.000000 1742981124.992587 
1.200188 0.000000 1742981125.002574 
1.200188 0.000000 1742981125.012561 
1.200188 0.000000 1742981125.022636 
1.200188 0.000000 1742981125.032552 
1.200188 0.000000 1742981125.042570 
1.200188 0.000000 1742981125.052595 
1.200188 0.000000 1742981125.062601 
1.200188 0.000000 1742981125.072736 
1.200188 0.000000 1742981125.082838 
1.200188 0.000000 1742981125.092595 
1.200188 0.000000 1742981125.102682 
1.200188 0.000000 1742981125.112609 
1.200188 0.000000 1742981125.122569 
1.200188 0.000000 1742981125.132603 
1.200188 0.000000 1742981125.142586 
1.200188 0.000000 1742981125.152612 
1.200188 0.000000 1742981125.162616 
1.200188 0.000000 1742981125.172603 
1.200188 0.000000 1742981125.182662 
1.200188 0.000000 1742981125.192661 
1.200188 0.000000 1742981125.202657 
1.200188 0.000000 1742981125.212611 
1.200188 0.000000 1742981125.222658 
1.200188 0.000000 1742981125.232630 
1.200188 0.000000 1742981125.242705 
1.200188 0.000000 1742981125.252530 
1.200188 0.000000 1742981125.262552 
1.200188 0.000000 1742981125.272675 
1.200188 0.000000 1742981125.282622 
1.200188 0.000000 1742981125.292639 
1.200188 0.000000 1742981125.302610 
1.200188 0.000000 1742981125.312630 
1.200188 0.000000 1742981125.322588 
1.200188 0.000000 1742981125.332614 
1.200188 0.000000 1742981125.342629 
1.200188 0.000000 1742981125.352615 
1.200188 0.000000 1742981125.362576 
1.200188 0.000000 1742981125.372590 
1.200188 0.000000 1742981125.382604 
1.200188 0.000000 1742981125.392622 
1.200188 0.000000 1742981125.402656 
1.200188 0.000000 1742981125.412632 
1.200188 0.000000 1742981125.422571 
1.200188 0.000000 1742981125.432523 
1.200188 0.000000 1742981125.442710 
1.200188 0.000000 1742981125.452587 
1.200188 0.000000 1742981125.462563 
1.200188 0.000000 1742981125.472626 
1.200188 0.000000 1742981125.482561 
1.200188 0.000000 1742981125.492646 
1.200188 0.000000 1742981125.502657 
1.200188 0.000000 1742981125.512605 
1.200188 0.000000 1742981125.522583 
1.200188 0.000000 1742981125.532620 
1.200188 0.000000 1742981125.542613 
1.200188 0.000000 1742981125.552610 
1.200188 0.000000 1742981125.562646 
1.200188 0.000000 1742981125.572646 
1.200188 0.000000 1742981125.582612 
1.200188 0.000000 1742981125.592605 
1.200188 0.000000 1742981125.602612 
1.200188 0.000000 1742981125.612608 
1.200188 0.000000 1742981125.622662 
1.200188 0.000000 1742981125.632625 
1.200188 0.000000 1742981125.642619 
1.200188 0.000000 1742981125.652610 
1.200188 0.000000 1742981125.662623 
1.200188 0.000000 1742981125.672680 
1.200188 0.000000 1742981125.682615 
1.200188 0.000000 1742981125.692630 
1.200188 0.000000 1742981125.702670 
1.200188 0.000000 1742981125.712594 
1.200188 0.000000 1742981125.722702 
1.200188 0.000000 1742981125.732609 
1.200188 0.000000 1742981125.742605 
1.200188 0.000000 1742981125.752666 
1.200188 0.000000 1742981125.762531 
1.200188 0.000000 1742981125.772637 
1.200188 0.000000 1742981125.782660 
1.200188 0.000000 1742981125.792619 
1.200188 0.000000 1742981125.802653 
1.200188 0.000000 1742981125.812660 
1.200188 0.000000 1742981125.822632 
1.200188 0.000000 1742981125.832635 
1.200188 0.000000 1742981125.842670 
1.200188 0.000000 1742981125.852638 
1.200188 0.000000 1742981125.862626 
1.200188 0.000000 1742981125.872710 
1.200188 0.000000 1742981125.882632 
1.200188 0.000000 1742981125.892639 
1.200188 0.000000 1742981125.902667 
1.200188 0.000000 1742981125.912609 
1.200188 0.000000 1742981125.922688 
1.200188 0.000000 1742981125.932534 
1.200188 0.000000 1742981125.942621 
1.200188 0.000000 1742981125.952562 
1.200188 0.000000 1742981125.962613 
1.200188 0.000000 1742981125.972790 
1.200188 0.000000 1742981125.982616 
1.200188 0.000000 1742981125.992643 
1.200188 0.000000 1742981126.002593 
1.200188 0.000000 1742981126.012644 
1.200188 0.000000 1742981126.022624 
1.200188 0.000000 1742981126.032553 
1.200188 0.000000 1742981126.042555 
1.200188 0.000000 1742981126.052568 
1.200188 0.000000 1742981126.062576 
1.200188 0.000000 1742981126.072636 
1.200188 0.000000 1742981126.082601 
1.200188 0.000000 1742981126.092584 
1.200188 0.000000 1742981126.102586 
1.200188 0.000000 1742981126.112577 
1.200188 0.000000 1742981126.122570 
1.200188 0.000000 1742981126.132644 
1.200188 0.000000 1742981126.142595 
1.200188 0.000000 1742981126.152530 
1.200188 0.000000 1742981126.162586 
1.200188 0.000000 1742981126.172596 
1.200188 0.000000 1742981126.182628 
1.200188 0.000000 1742981126.192605 
1.200188 0.000000 1742981126.202603 
1.200188 0.000000 1742981126.212612 
1.200188 0.000000 1742981126.222640 
1.200188 0.000000 1742981126.232577 
1.200188 0.000000 1742981126.242653 
1.200188 0.000000 1742981126.252613 
1.200188 0.000000 1742981126.262602 
1.200188 0.000000 1742981126.272670 
1.200188 0.000000 1742981126.282662 
1.200188 0.000000 1742981126.292665 
1.200188 0.000000 1742981126.302623 
1.200188 0.000000 1742981126.312661 
1.200188 0.000000 1742981126.322637 
1.200188 0.000000 1742981126.332635 
1.200188 0.000000 1742981126.342676 
1.200188 0.000000 1742981126.352623 
1.200188 0.000000 1742981126.362627 
1.200188 0.000000 1742981126.372594 
1.200188 0.000000 1742981126.382598 
1.200188 0.000000 1742981126.392610 
1.200188 0.000000 1742981126.402561 
1.200188 0.000000 1742981126.412629 
1.200188 0.000000 1742981126.422627 
1.200188 0.000000 1742981126.432736 
1.200188 0.000000 1742981126.442670 
1.200188 0.000000 1742981126.452587 
1.200188 0.000000 1742981126.462597 
1.200188 0.000000 1742981126.472625 
1.200188 0.000000 1742981126.482623 
1.200188 0.000000 1742981126.492636 
1.200188 0.000000 1742981126.502626 
1.200188 0.000000 1742981126.512574 
1.200188 0.000000 1742981126.522604 
1.200188 0.000000 1742981126.532571 
1.200188 0.000000 1742981126.542580 
1.200188 0.000000 1742981126.552587 
1.200188 0.000000 1742981126.562671 
1.200188 0.000000 1742981126.572612 
1.200188 0.000000 1742981126.582557 
1.200188 0.000000 1742981126.592615 
1.200188 0.000000 1742981126.602549 
1.200188 0.000000 1742981126.612620 
1.200188 0.000000 1742981126.622599 
1.200188 0.000000 1742981126.632553 
1.200188 0.000000 1742981126.642565 
1.200188 0.000000 1742981126.652568 
1.200188 0.000000 1742981126.662614 
1.200188 0.000000 1742981126.672663 
1.200188 0.000000 1742981126.682614 
1.200188 0.000000 1742981126.692629 
1.200188 0.000000 1742981126.702620 
1.200188 0.000000 1742981126.712624 
1.200188 0.000000 1742981126.722615 
1.200188 0.000000 1742981126.732659 
1.200188 0.000000 1742981126.742608 
1.200188 0.000000 1742981126.752608 
1.200188 0.000000 1742981126.762631 
1.200188 0.000000 1742981126.772618 
1.200188 0.000000 1742981126.782647 
1.200188 0.000000 1742981126.792622 
1.200188 0.000000 1742981126.802654 
1.200188 0.000000 1742981126.812628 
1.200188 0.000000 1742981126.822632 
1.200188 0.000000 1742981126.832608 
1.200188 0.000000 1742981126.842614 
1.200188 0.000000 1742981126.852619 
1.200188 0.000000 1742981126.862591 
1.200188 0.000000 1742981126.872700 
1.200188 0.000000 1742981126.882572 
1.200188 0.000000 1742981126.892630 
1.200188 0.000000 1742981126.902572 
1.200188 0.000000 1742981126.912626 
1.200188 0.000000 1742981126.922626 
1.200188 0.000000 1742981126.932605 
1.200188 0.000000 1742981126.942635 
1.200188 0.000000 1742981126.952586 
1.200188 0.000000 1742981126.962627 
1.200188 0.000000 1742981126.972570 
1.200188 0.000000 1742981126.982662 
1.200188 0.000000 1742981126.992656 
1.200188 0.000000 1742981127.002655 
1.200188 0.000000 1742981127.012672 
1.200188 0.000000 1742981127.022648 
1.200188 0.000000 1742981127.032659 
1.200188 0.000000 1742981127.042578 
1.200188 0.000000 1742981127.052616 
1.200188 0.000000 1742981127.062616 
1.200188 0.000000 1742981127.072687 
1.200188 0.000000 1742981127.082557 
1.200188 0.000000 1742981127.092624 
1.200188 0.000000 1742981127.102662 
1.200188 0.000000 1742981127.112689 
1.200188 0.000000 1742981127.122582 
1.200188 0.000000 1742981127.132615 
1.200188 0.000000 1742981127.142635 
1.200188 0.000000 1742981127.152674 
1.200188 0.000000 1742981127.162641 
1.200188 0.000000 1742981127.172630 
1.200188 0.000000 1742981127.182703 
1.200188 0.000000 1742981127.192674 
1.200188 0.000000 1742981127.202704 
1.200188 0.000000 1742981127.212691 
1.200188 0.000000 1742981127.222722 
1.200188 0.000000 1742981127.232672 
1.200188 0.000000 1742981127.242689 
1.200188 0.000000 1742981127.252679 
1.200188 0.000000 1742981127.262599 
1.200188 0.000000 1742981127.272651 
1.200188 0.000000 1742981127.282639 
1.200188 0.000000 1742981127.292630 
1.200188 0.000000 1742981127.302636 
1.200188 0.000000 1742981127.312636 
1.200188 0.000000 1742981127.322679 
1.200188 0.000000 1742981127.332680 
1.200188 0.000000 1742981127.342648 
1.200188 0.000000 1742981127.352653 
1.200188 0.000000 1742981127.362639 
1.200188 0.000000 1742981127.372620 
1.200188 0.000000 1742981127.382595 
1.200188 0.000000 1742981127.392657 
1.200188 0.000000 1742981127.402634 
1.200188 0.000000 1742981127.412629 
1.200188 0.000000 1742981127.422616 
1.200188 0.000000 1742981127.432684 
1.200188 0.000000 1742981127.442615 
1.200188 0.000000 1742981127.452559 
1.200188 0.000000 1742981127.462570 
1.200188 0.000000 1742981127.472634 
1.200188 0.000000 1742981127.482558 
1.200188 0.000000 1742981127.492603 
1.200188 0.000000 1742981127.502580 
1.200188 0.000000 1742981127.512597 
1.200188 0.000000 1742981127.522619 
1.200188 0.000000 1742981127.532602 
1.200188 0.000000 1742981127.542587 
1.200188 0.000000 1742981127.552615 
1.200188 0.000000 1742981127.562612 
1.200188 0.000000 1742981127.572580 
1.200188 0.000000 1742981127.582612 
1.200188 0.000000 1742981127.592647 
1.200188 0.000000 1742981127.602577 
1.200188 0.000000 1742981127.612559 
1.200188 0.000000 1742981127.622602 
1.200188 0.000000 1742981127.632603 
1.200188 0.000000 1742981127.642577 
1.200188 0.000000 1742981127.652560 
1.200188 0.000000 1742981127.662554 
1.200188 0.000000 1742981127.672623 
1.200188 0.000000 1742981127.682565 
1.200188 0.000000 1742981127.692577 
1.200188 0.000000 1742981127.702603 
1.200188 0.000000 1742981127.712567 
1.200188 0.000000 1742981127.722568 
1.200188 0.000000 1742981127.732615 
1.200188 0.000000 1742981127.742636 
1.200188 0.000000 1742981127.752611 
1.200188 0.000000 1742981127.762591 
1.200188 0.000000 1742981127.772570 
1.200188 0.000000 1742981127.782561 
1.200188 0.000000 1742981127.792565 
1.200188 0.000000 1742981127.802569 
1.200188 0.000000 1742981127.812601 
1.200188 0.000000 1742981127.822641 
1.200188 0.000000 1742981127.832609 
1.200188 0.000000 1742981127.842619 
1.200188 0.000000 1742981127.852561 
1.200188 0.000000 1742981127.862556 
1.200188 0.000000 1742981127.872667 
1.200188 0.000000 1742981127.882619 
1.200188 0.000000 1742981127.892626 
1.200188 0.000000 1742981127.902591 
1.200188 0.000000 1742981127.912604 
1.200188 0.000000 1742981127.922611 
1.200188 0.000000 1742981127.932558 
1.200188 0.000000 1742981127.942577 
1.200188 0.000000 1742981127.952618 
1.200188 0.000000 1742981127.962608 
1.200188 0.000000 1742981127.972608 
1.200188 0.000000 1742981127.982619 
1.200188 0.000000 1742981127.992559 
1.200188 0.000000 1742981128.002629 
1.200188 0.000000 1742981128.012612 
1.200188 0.000000 1742981128.022582 
1.200188 0.000000 1742981128.032608 
1.200188 0.000000 1742981128.042563 
1.200188 0.000000 1742981128.052619 
1.200188 0.000000 1742981128.062652 
1.200188 0.000000 1742981128.072623 
1.200188 0.000000 1742981128.082620 
1.200188 0.000000 1742981128.092590 
1.200188 0.000000 1742981128.102615 
1.200188 0.000000 1742981128.112598 
1.200188 0.000000 1742981128.122581 
1.200188 0.000000 1742981128.132611 
1.200188 0.000000 1742981128.142668 
1.200188 0.000000 1742981128.152624 
1.200188 0.000000 1742981128.162636 
1.200188 0.000000 1742981128.172651 
1.200188 0.000000 1742981128.182578 
1.200188 0.000000 1742981128.192610 
1.200188 0.000000 1742981128.202555 
1.200188 0.000000 1742981128.212573 
1.200188 0.000000 1742981128.222608 
1.200188 0.000000 1742981128.232619 
1.200188 0.000000 1742981128.242608 
1.200188 0.000000 1742981128.252611 
1.200188 0.000000 1742981128.262558 
1.200188 0.000000 1742981128.272671 
1.200188 0.000000 1742981128.282576 
1.200188 0.000000 1742981128.292594 
1.200188 0.000000 1742981128.302633 
1.200188 0.000000 1742981128.312622 
1.200188 0.000000 1742981128.322669 
1.200188 0.000000 1742981128.332661 
1.200188 0.000000 1742981128.342629 
1.200188 0.000000 1742981128.352559 
1.200188 0.000000 1742981128.362574 
1.200188 0.000000 1742981128.372572 
1.200188 0.000000 1742981128.382601 
1.200188 0.000000 1742981128.392583 
1.200188 0.000000 1742981128.402612 
1.200188 0.000000 1742981128.412564 
1.200188 0.000000 1742981128.422620 
1.200188 0.000000 1742981128.432604 
1.200188 0.000000 1742981128.442651 
1.200188 0.000000 1742981128.452590 
1.200188 0.000000 1742981128.462565 
1.200188 0.000000 1742981128.472670 
1.200188 0.000000 1742981128.482550 
1.200188 0.000000 1742981128.492576 
1.200188 0.000000 1742981128.502615 
1.200188 0.000000 1742981128.512658 
1.200188 0.000000 1742981128.522562 
1.200188 0.000000 1742981128.532615 
1.200188 0.000000 1742981128.542660 
1.200188 0.000000 1742981128.552631 
1.200188 0.000000 1742981128.562614 
1.200188 0.000000 1742981128.572612 
1.200188 0.000000 1742981128.582654 
1.200188 0.000000 1742981128.592638 
1.200188 0.000000 1742981128.602693 
1.200188 0.000000 1742981128.612725 
1.200188 0.000000 1742981128.622625 
1.200188 0.000000 1742981128.632631 
1.200188 0.000000 1742981128.642681 
1.200188 0.000000 1742981128.652640 
1.200188 0.000000 1742981128.662639 
1.200188 0.000000 1742981128.672627 
1.200188 0.000000 1742981128.682633 
1.200188 0.000000 1742981128.692650 
1.200188 0.000000 1742981128.702636 
1.200188 0.000000 1742981128.712642 
1.200188 0.000000 1742981128.722578 
1.200188 0.000000 1742981128.732632 
1.200188 0.000000 1742981128.742690 
1.200188 0.000000 1742981128.752695 
1.200188 0.000000 1742981128.762679 
1.200188 0.000000 1742981128.772631 
1.200188 0.000000 1742981128.782607 
1.200188 0.000000 1742981128.792735 
1.200188 0.000000 1742981128.802638 
1.200188 0.000000 1742981128.812621 
1.200188 0.000000 1742981128.822664 
1.200188 0.000000 1742981128.832603 
1.200188 0.000000 1742981128.842624 
1.200188 0.000000 1742981128.852632 
1.200188 0.000000 1742981128.862633 
1.200188 0.000000 1742981128.872708 
1.200188 0.000000 1742981128.882589 
1.200188 0.000000 1742981128.892671 
1.200188 0.000000 1742981128.902629 
1.200188 0.000000 1742981128.912607 
1.200188 0.000000 1742981128.922611 
1.200188 0.000000 1742981128.932558 
1.200188 0.000000 1742981128.942658 
1.200188 0.000000 1742981128.952633 
1.200188 0.000000 1742981128.962593 
1.200188 0.000000 1742981128.972605 
1.200188 0.000000 1742981128.982559 
1.200188 0.000000 1742981128.992619 
1.200188 0.000000 1742981129.002551 
1.200188 0.000000 1742981129.012551 
1.200188 0.000000 1742981129.022609 
1.200188 0.000000 1742981129.032584 
1.200188 0.000000 1742981129.042602 
1.200188 0.000000 1742981129.052575 
1.200188 0.000000 1742981129.062566 
1.200188 0.000000 1742981129.072616 
1.200188 0.000000 1742981129.082592 
1.200188 0.000000 1742981129.092574 
1.200188 0.000000 1742981129.102656 
1.200188 0.000000 1742981129.112573 
1.200188 0.000000 1742981129.122567 
1.200188 0.000000 1742981129.132574 
1.200188 0.000000 1742981129.142636 
1.200188 0.000000 1742981129.152536 
1.200188 0.000000 1742981129.162588 
1.200188 0.000000 1742981129.172584 
1.200188 0.000000 1742981129.182586 
1.200188 0.000000 1742981129.192663 
1.200188 0.000000 1742981129.202602 
1.200188 0.000000 1742981129.212620 
1.200188 0.000000 1742981129.222612 
1.200188 0.000000 1742981129.232588 
1.200188 0.000000 1742981129.242604 
1.200188 0.000000 1742981129.252560 
1.200188 0.000000 1742981129.262643 
1.200188 0.000000 1742981129.272662 
1.200188 0.000000 1742981129.282575 
1.200188 0.000000 1742981129.292600 
1.200188 0.000000 1742981129.302610 
1.200188 0.000000 1742981129.312604 
1.200188 0.000000 1742981129.322609 
1.200188 0.000000 1742981129.332603 
1.200188 0.000000 1742981129.342638 
1.200188 0.000000 1742981129.352590 
1.200188 0.000000 1742981129.362582 
1.200188 0.000000 1742981129.372581 
1.200188 0.000000 1742981129.382643 
1.200188 0.000000 1742981129.392651 
1.200188 0.000000 1742981129.402620 
1.200188 0.000000 1742981129.412656 
1.200188 0.000000 1742981129.422618 
1.200188 0.000000 1742981129.432653 
1.200188 0.000000 1742981129.442656 
1.200188 0.000000 1742981129.452660 
1.200188 0.000000 1742981129.462584 
1.200188 0.000000 1742981129.472721 
1.200188 0.000000 1742981129.482619 
1.200188 0.000000 1742981129.492679 
1.200188 0.000000 1742981129.502573 
1.200188 0.000000 1742981129.512655 
1.200188 0.000000 1742981129.522559 
1.200188 0.000000 1742981129.532615 
1.200188 0.000000 1742981129.542615 
1.200188 0.000000 1742981129.552615 
1.200188 0.000000 1742981129.562598 
1.200188 0.000000 1742981129.572615 
1.200188 0.000000 1742981129.582618 
1.200188 0.000000 1742981129.592656 
1.200188 0.000000 1742981129.602619 
1.200188 0.000000 1742981129.612692 
1.200188 0.000000 1742981129.622651 
1.200188 0.000000 1742981129.632634 
1.200188 0.000000 1742981129.642582 
1.200188 0.000000 1742981129.652625 
1.200188 0.000000 1742981129.662561 
1.200188 0.000000 1742981129.672664 
1.200188 0.000000 1742981129.682629 
1.200188 0.000000 1742981129.692640 
1.200188 0.000000 1742981129.702607 
1.200188 0.000000 1742981129.712633 
1.200188 0.000000 1742981129.722574 
1.200188 0.000000 1742981129.732619 
1.200188 0.000000 1742981129.742640 
1.200188 0.000000 1742981129.752657 
1.200188 0.000000 1742981129.762615 
1.200188 0.000000 1742981129.772625 
1.200188 0.000000 1742981129.782583 
1.200188 0.000000 1742981129.792598 
1.200188 0.000000 1742981129.802621 
1.200188 0.000000 1742981129.812566 
1.200188 0.000000 1742981129.822616 
1.200188 0.000000 1742981129.832676 
1.200188 0.000000 1742981129.842609 
1.200188 0.000000 1742981129.852609 
1.200188 0.000000 1742981129.862616 
1.200188 0.000000 1742981129.872583 
1.200188 0.000000 1742981129.882634 
1.200188 0.000000 1742981129.892620 
1.200188 0.000000 1742981129.903144 
1.200188 0.000000 1742981129.912495 
1.200188 0.000000 1742981129.922440 
1.200188 0.000000 1742981129.932392 
1.200188 0.000000 1742981129.942384 
1.200188 0.000000 1742981129.952403 
1.200188 0.000000 1742981129.962406 
1.200188 0.000000 1742981129.972466 
1.200188 0.000000 1742981129.982368 
1.200188 0.000000 1742981129.992407 
1.200188 0.000000 1742981130.002473 
1.200188 0.000000 1742981130.012602 
1.200188 0.000000 1742981130.022548 
1.200188 0.000000 1742981130.032651 
1.200188 0.000000 1742981130.042625 
1.200188 0.000000 1742981130.052643 
1.200188 0.000000 1742981130.062612 
1.200188 0.000000 1742981130.072658 
1.200188 0.000000 1742981130.082599 
1.200188 0.000000 1742981130.092573 
1.200188 0.000000 1742981130.102629 
1.200188 0.000000 1742981130.112626 
1.200188 0.000000 1742981130.122614 
1.200188 0.000000 1742981130.132644 
1.200188 0.000000 1742981130.142646 
1.200188 0.000000 1742981130.152648 
1.200188 0.000000 1742981130.162750 
1.200188 0.000000 1742981130.172581 
1.200188 0.000000 1742981130.182642 
1.200188 0.000000 1742981130.192642 
1.200188 0.000000 1742981130.202611 
1.200188 0.000000 1742981130.212650 
1.200188 0.000000 1742981130.222633 
1.200188 0.000000 1742981130.232583 
1.200188 0.000000 1742981130.242611 
1.200188 0.000000 1742981130.252580 
1.200188 0.000000 1742981130.262870 
1.200188 0.000000 1742981130.272605 
1.200188 0.000000 1742981130.282653 
1.200188 0.000000 1742981130.292649 
1.200188 0.000000 1742981130.302625 
1.200188 0.000000 1742981130.312618 
1.200188 0.000000 1742981130.322641 
1.200188 0.000000 1742981130.332643 
1.200188 0.000000 1742981130.342719 
1.200188 0.000000 1742981130.352655 
1.200188 0.000000 1742981130.362635 
1.200188 0.000000 1742981130.372626 
1.200188 0.000000 1742981130.382639 
1.200188 0.000000 1742981130.392608 
1.200188 0.000000 1742981130.402669 
1.200188 0.000000 1742981130.412634 
1.200188 0.000000 1742981130.422618 
1.200188 0.000000 1742981130.432548 
1.200188 0.000000 1742981130.442569 
1.200188 0.000000 1742981130.452558 
1.200188 0.000000 1742981130.462569 
1.200188 0.000000 1742981130.472559 
1.200188 0.000000 1742981130.482564 
1.200188 0.000000 1742981130.492564 
1.200188 0.000000 1742981130.502588 
1.200188 0.000000 1742981130.512604 
1.200188 0.000000 1742981130.522587 
1.200188 0.000000 1742981130.532575 
1.200188 0.000000 1742981130.542557 
1.200188 0.000000 1742981130.552599 
1.200188 0.000000 1742981130.562577 
1.200188 0.000000 1742981130.572605 
1.200188 0.000000 1742981130.582595 
1.200188 0.000000 1742981130.592559 
1.200188 0.000000 1742981130.602574 
1.200188 0.000000 1742981130.612545 
1.200188 0.000000 1742981130.622624 
1.200188 0.000000 1742981130.632605 
1.200188 0.000000 1742981130.642640 
1.200188 0.000000 1742981130.652653 
1.200188 0.000000 1742981130.662592 
1.200188 0.000000 1742981130.672601 
1.200188 0.000000 1742981130.682597 
1.200188 0.000000 1742981130.692586 
1.200188 0.000000 1742981130.702592 
1.200188 0.000000 1742981130.712619 
1.200188 0.000000 1742981130.722573 
1.200188 0.000000 1742981130.732599 
1.200188 0.000000 1742981130.742603 
1.200188 0.000000 1742981130.752618 
1.200188 0.000000 1742981130.762641 
1.200188 0.000000 1742981130.772614 
1.200188 0.000000 1742981130.782618 
1.200188 0.000000 1742981130.792585 
1.200188 0.000000 1742981130.802560 
1.200188 0.000000 1742981130.812479 
1.200188 0.000000 1742981130.822450 
1.200188 0.000000 1742981130.832438 
1.200188 0.000000 1742981130.842431 
1.200188 0.000000 1742981130.852493 
1.200188 0.000000 1742981130.862539 
1.200188 0.000000 1742981130.872672 
1.200188 0.000000 1742981130.882664 
1.200188 0.000000 1742981130.892601 
1.200188 0.000000 1742981130.902627 
1.200188 0.000000 1742981130.912608 
1.200188 0.000000 1742981130.922625 
1.200188 0.000000 1742981130.932632 
1.200188 0.000000 1742981130.942658 
1.200188 0.000000 1742981130.952655 
1.200188 0.000000 1742981130.962661 
1.200188 0.000000 1742981130.972679 
1.200188 0.000000 1742981130.982621 
1.200188 0.000000 1742981130.992615 
1.200188 0.000000 1742981131.002615 
1.200188 0.000000 1742981131.012666 
1.200188 0.000000 1742981131.022614 
1.200188 0.000000 1742981131.032615 
1.200188 0.000000 1742981131.042660 
1.200188 0.000000 1742981131.052660 
1.200188 0.000000 1742981131.062650 
1.200188 0.000000 1742981131.072654 
1.200188 0.000000 1742981131.082654 
1.200188 0.000000 1742981131.092643 
1.200188 0.000000 1742981131.102633 
1.200188 0.000000 1742981131.112571 
1.200188 0.000000 1742981131.122666 
1.200188 0.000000 1742981131.132551 
1.200188 0.000000 1742981131.142656 
1.200188 0.000000 1742981131.152607 
1.200188 0.000000 1742981131.162636 
1.200188 0.000000 1742981131.172747 
1.200188 0.000000 1742981131.182642 
1.200188 0.000000 1742981131.192624 
1.200188 0.000000 1742981131.202624 
1.200188 0.000000 1742981131.212709 
1.200188 0.000000 1742981131.222857 
1.200188 0.000000 1742981131.232636 
1.200188 0.000000 1742981131.242613 
1.200188 0.000000 1742981131.252619 
1.200188 0.000000 1742981131.262615 
1.200188 0.000000 1742981131.272608 
1.200188 0.000000 1742981131.282694 
1.200188 0.000000 1742981131.292610 
1.200188 0.000000 1742981131.302564 
1.200188 0.000000 1742981131.312590 
1.200188 0.000000 1742981131.322600 
1.200188 0.000000 1742981131.332609 
1.200188 0.000000 1742981131.342630 
1.200188 0.000000 1742981131.352638 
1.200188 0.000000 1742981131.362666 
1.200188 0.000000 1742981131.372607 
1.200188 0.000000 1742981131.382630 
1.200188 0.000000 1742981131.392612 
1.200188 0.000000 1742981131.402610 
1.200188 0.000000 1742981131.412574 
1.200188 0.000000 1742981131.422611 
1.200188 0.000000 1742981131.432609 
1.200188 0.000000 1742981131.442610 
1.200188 0.000000 1742981131.452617 
1.200188 0.000000 1742981131.462654 
1.200188 0.000000 1742981131.472639 
1.200188 0.000000 1742981131.482621 
1.200188 0.000000 1742981131.492584 
1.200188 0.000000 1742981131.502545 
1.200188 0.000000 1742981131.512676 
1.200188 0.000000 1742981131.522597 
1.200188 0.000000 1742981131.532640 
1.200188 0.000000 1742981131.542657 
1.200188 0.000000 1742981131.552645 
1.200188 0.000000 1742981131.562618 
1.200188 0.000000 1742981131.572641 
1.200188 0.000000 1742981131.582684 
1.200188 0.000000 1742981131.592646 
1.200188 0.000000 1742981131.602628 
1.200188 0.000000 1742981131.612629 
1.200188 0.000000 1742981131.622632 
1.200188 0.000000 1742981131.632620 
1.200188 0.000000 1742981131.642626 
1.200188 0.000000 1742981131.652677 
1.200188 0.000000 1742981131.662671 
1.200188 0.000000 1742981131.672666 
1.200188 0.000000 1742981131.682626 
1.200188 0.000000 1742981131.692630 
1.200188 0.000000 1742981131.702629 
1.200188 0.000000 1742981131.712636 
1.200188 0.000000 1742981131.722702 
1.200188 0.000000 1742981131.732679 
1.200188 0.000000 1742981131.742673 
1.200188 0.000000 1742981131.752671 
1.200188 0.000000 1742981131.762601 
1.200188 0.000000 1742981131.772716 
1.200188 0.000000 1742981131.782678 
1.200188 0.000000 1742981131.792579 
1.200188 0.000000 1742981131.802574 
1.200188 0.000000 1742981131.812565 
1.200188 0.000000 1742981131.822587 
1.200188 0.000000 1742981131.832613 
1.200188 0.000000 1742981131.842583 
1.200188 0.000000 1742981131.852571 
1.200188 0.000000 1742981131.862679 
1.200188 0.000000 1742981131.872609 
1.200188 0.000000 1742981131.882673 
1.200188 0.000000 1742981131.892612 
1.200188 0.000000 1742981131.902610 
1.200188 0.000000 1742981131.912568 
1.200188 0.000000 1742981131.922607 
