0.000000 0.000000 1742557114.686850 
0.000000 0.000000 1742557114.696674 
0.000000 0.000000 1742557114.706674 
0.000000 0.000000 1742557114.716610 
0.000000 0.000000 1742557114.726663 
0.000000 0.000000 1742557114.736686 
0.000000 0.000000 1742557114.746648 
0.000000 0.000000 1742557114.756707 
0.000000 0.000000 1742557114.766664 
0.000000 0.000000 1742557114.776732 
0.000000 0.000000 1742557114.786743 
0.000000 0.000000 1742557114.796694 
0.000000 0.000000 1742557114.806646 
0.000000 0.000000 1742557114.816656 
0.000000 0.000000 1742557114.826700 
0.000000 0.000000 1742557114.836791 
0.000000 0.000000 1742557114.846668 
0.000000 0.000000 1742557114.856761 
0.000000 0.000000 1742557114.866676 
0.000000 0.000000 1742557114.876682 
0.000000 0.000000 1742557114.886680 
0.000000 0.000000 1742557114.896661 
0.000000 0.000000 1742557114.906695 
0.000000 0.000000 1742557114.916859 
0.000000 0.000000 1742557114.926656 
0.000000 0.000000 1742557114.936748 
0.000000 0.000000 1742557114.946715 
0.000000 0.000000 1742557114.956737 
0.000205 0.000000 1742557114.966629 
0.001178 0.020490 1742557114.976596 
0.002254 0.097327 1742557114.986618 
0.002817 0.097327 1742557114.996699 
0.003483 0.066592 1742557115.006660 
0.004508 0.066592 1742557115.016662 
0.006096 0.102450 1742557115.026659 
0.008298 0.158798 1742557115.036707 
0.010552 0.220267 1742557115.046607 
0.012652 0.220267 1742557115.056703 
0.014905 0.225390 1742557115.066661 
0.017465 0.225390 1742557115.076689 
0.020331 0.256125 1742557115.086653 
0.023094 0.276615 1742557115.096709 
0.026112 0.286860 1742557115.106715 
0.029435 0.302227 1742557115.116627 
0.032809 0.332962 1742557115.126718 
0.036386 0.338085 1742557115.136669 
0.039961 0.358575 1742557115.146672 
0.043892 0.358575 1742557115.156736 
0.047822 0.394433 1742557115.166673 
0.052005 0.394433 1742557115.176683 
0.056338 0.420045 1742557115.186736 
0.060771 0.435412 1742557115.196714 
0.065252 0.445657 1742557115.206616 
0.069935 0.450780 1742557115.216605 
0.074614 0.471270 1742557115.226640 
0.079444 0.471270 1742557115.236738 
0.084321 0.486637 1742557115.246669 
0.089194 0.491760 1742557115.256659 
0.094268 0.491760 1742557115.266712 
0.099338 0.512250 1742557115.276601 
0.104506 0.512250 1742557115.286771 
0.109721 0.522495 1742557115.296696 
0.114883 0.522495 1742557115.306683 
0.120243 0.527617 1742557115.316771 
0.125600 0.542985 1742557115.326678 
0.130954 0.542985 1742557115.336814 
0.136406 0.542985 1742557115.346686 
0.141805 0.548107 1742557115.356745 
0.147251 0.553230 1742557115.366837 
0.152696 0.553230 1742557115.376774 
0.158239 0.553230 1742557115.386742 
0.163779 0.563475 1742557115.396873 
0.169470 0.563475 1742557115.406772 
0.175057 0.568597 1742557115.416775 
0.180743 0.578842 1742557115.426757 
0.186477 0.578842 1742557115.436852 
0.192210 0.583965 1742557115.446867 
0.197791 0.583965 1742557115.456828 
0.203473 0.578842 1742557115.466679 
0.209054 0.568597 1742557115.476674 
0.214635 0.568597 1742557115.486718 
0.220267 0.568597 1742557115.496748 
0.225951 0.573720 1742557115.506714 
0.231635 0.578842 1742557115.516707 
0.237372 0.578842 1742557115.526749 
0.243060 0.578842 1742557115.536726 
0.248700 0.578842 1742557115.546603 
0.254392 0.578842 1742557115.556813 
0.260085 0.578842 1742557115.566827 
0.265729 0.578842 1742557115.576757 
0.271375 0.573720 1742557115.586690 
0.277022 0.573720 1742557115.596708 
0.282872 0.573720 1742557115.606698 
0.288624 0.583965 1742557115.616673 
0.294378 0.583965 1742557115.626647 
0.300135 0.583965 1742557115.636759 
0.305845 0.583965 1742557115.646712 
0.311456 0.578842 1742557115.656700 
0.317171 0.578842 1742557115.666670 
0.322788 0.568597 1742557115.676833 
0.328559 0.578842 1742557115.686696 
0.334283 0.578842 1742557115.696745 
0.340060 0.583965 1742557115.706657 
0.345689 0.578842 1742557115.716680 
0.351370 0.573720 1742557115.726695 
0.356954 0.568597 1742557115.736753 
0.362540 0.563475 1742557115.746708 
0.368129 0.563475 1742557115.756704 
0.373721 0.563475 1742557115.766702 
0.379468 0.563475 1742557115.776750 
0.385370 0.578842 1742557115.786719 
0.391123 0.578842 1742557115.796820 
0.396877 0.578842 1742557115.806795 
0.402582 0.578842 1742557115.816846 
0.408239 0.573720 1742557115.826768 
0.413795 0.568597 1742557115.836834 
0.419456 0.568597 1742557115.846750 
0.424965 0.558352 1742557115.856785 
0.430629 0.568597 1742557115.866733 
0.436243 0.563475 1742557115.876819 
0.441910 0.568597 1742557115.886783 
0.447425 0.563475 1742557115.896770 
0.453043 0.563475 1742557115.906785 
0.458407 0.553230 1742557115.916896 
0.463925 0.553230 1742557115.926853 
0.469291 0.537862 1742557115.937014 
0.474760 0.548107 1742557115.946783 
0.479974 0.537862 1742557115.956845 
0.485394 0.542985 1742557115.966779 
0.490661 0.527617 1742557115.976739 
0.496031 0.537862 1742557115.986764 
0.501248 0.527617 1742557115.996731 
0.506619 0.537862 1742557116.006719 
0.511838 0.522495 1742557116.016711 
0.516955 0.522495 1742557116.026653 
0.522073 0.512250 1742557116.036759 
0.527191 0.512250 1742557116.046739 
0.532207 0.512250 1742557116.056839 
0.537378 0.512250 1742557116.066727 
0.542549 0.517372 1742557116.076675 
0.547720 0.517372 1742557116.086621 
0.552789 0.517372 1742557116.096726 
0.557961 0.517372 1742557116.106703 
0.563031 0.507127 1742557116.116734 
0.568152 0.512250 1742557116.126720 
0.573222 0.507127 1742557116.136835 
0.578344 0.512250 1742557116.146671 
0.583415 0.507127 1742557116.156700 
0.588588 0.512250 1742557116.166703 
0.593659 0.507127 1742557116.176732 
0.598781 0.512250 1742557116.186660 
0.603904 0.512250 1742557116.196761 
0.609129 0.512250 1742557116.206702 
0.614303 0.517372 1742557116.216659 
0.619425 0.517372 1742557116.226609 
0.624548 0.512250 1742557116.236692 
0.629619 0.512250 1742557116.246659 
0.634639 0.507127 1742557116.256805 
0.639607 0.502005 1742557116.266762 
0.644576 0.496882 1742557116.276747 
0.649596 0.496882 1742557116.286709 
0.654615 0.502005 1742557116.296745 
0.659737 0.502005 1742557116.306660 
0.664859 0.512250 1742557116.316688 
0.669879 0.512250 1742557116.326644 
0.674949 0.507127 1742557116.336747 
0.679968 0.502005 1742557116.346635 
0.684936 0.502005 1742557116.356650 
0.690006 0.502005 1742557116.366645 
0.695024 0.502005 1742557116.376692 
0.700145 0.507127 1742557116.386740 
0.705266 0.512250 1742557116.396743 
0.710386 0.512250 1742557116.406766 
0.715456 0.512250 1742557116.416801 
0.720525 0.507127 1742557116.426668 
0.725542 0.507127 1742557116.436699 
0.730560 0.502005 1742557116.446633 
0.735526 0.502005 1742557116.456695 
0.740543 0.502005 1742557116.466668 
0.745560 0.502005 1742557116.476766 
0.750629 0.502005 1742557116.486697 
0.755697 0.507127 1742557116.496690 
0.760867 0.507127 1742557116.506668 
0.766037 0.517372 1742557116.516799 
0.771208 0.517372 1742557116.526696 
0.776326 0.517372 1742557116.536741 
0.781394 0.512250 1742557116.546788 
0.786615 0.512250 1742557116.556786 
0.791733 0.512250 1742557116.566742 
0.796800 0.512250 1742557116.576752 
0.802020 0.512250 1742557116.586785 
0.807138 0.512250 1742557116.596828 
0.812358 0.522495 1742557116.606797 
0.817578 0.522495 1742557116.616855 
0.822747 0.522495 1742557116.626708 
0.827915 0.517372 1742557116.636707 
0.833135 0.517372 1742557116.646705 
0.838253 0.517372 1742557116.656798 
0.843421 0.517372 1742557116.666681 
0.848538 0.512250 1742557116.676708 
0.853656 0.512250 1742557116.686697 
0.858875 0.512250 1742557116.696717 
0.863993 0.512250 1742557116.706700 
0.869110 0.512250 1742557116.716845 
0.874279 0.512250 1742557116.726737 
0.879345 0.512250 1742557116.736646 
0.884411 0.507127 1742557116.746691 
0.889529 0.507127 1742557116.756748 
0.894646 0.512250 1742557116.766686 
0.899763 0.512250 1742557116.776661 
0.904881 0.512250 1742557116.786771 
0.909998 0.512250 1742557116.796660 
0.915167 0.512250 1742557116.806691 
0.920233 0.512250 1742557116.816709 
0.925300 0.507127 1742557116.826681 
0.930418 0.507127 1742557116.836653 
0.935433 0.507127 1742557116.846784 
0.940602 0.512250 1742557116.856775 
0.945720 0.512250 1742557116.866953 
0.950787 0.512250 1742557116.876767 
0.955803 0.507127 1742557116.886662 
0.960870 0.507127 1742557116.896714 
0.966090 0.507127 1742557116.906623 
0.971209 0.512250 1742557116.916625 
0.976328 0.512250 1742557116.926628 
0.981497 0.512250 1742557116.936714 
0.986616 0.512250 1742557116.946679 
0.991786 0.517372 1742557116.956690 
0.996854 0.512250 1742557116.966667 
1.001972 0.512250 1742557116.976665 
1.007193 0.512250 1742557116.986791 
1.012312 0.512250 1742557116.996711 
1.017533 0.522495 1742557117.006654 
1.022703 0.517372 1742557117.016713 
1.027975 0.522495 1742557117.026760 
1.033145 0.517372 1742557117.036754 
1.038316 0.517372 1742557117.046694 
1.043332 0.517372 1742557117.056645 
1.048400 0.507127 1742557117.066719 
1.053468 0.507127 1742557117.076718 
1.058536 0.507127 1742557117.086693 
1.063604 0.507127 1742557117.096744 
1.068723 0.507127 1742557117.106697 
1.073843 0.512250 1742557117.116743 
1.078962 0.512250 1742557117.126692 
1.083979 0.512250 1742557117.136685 
1.089099 0.512250 1742557117.146696 
1.094270 0.512250 1742557117.156654 
1.099338 0.512250 1742557117.166693 
1.104509 0.517372 1742557117.176669 
1.109629 0.512250 1742557117.186628 
1.114698 0.512250 1742557117.196672 
1.119869 0.512250 1742557117.206622 
1.124937 0.507127 1742557117.216677 
1.130006 0.507127 1742557117.226739 
1.135024 0.507127 1742557117.236625 
1.140195 0.507127 1742557117.246772 
1.145264 0.507127 1742557117.256668 
1.150385 0.512250 1742557117.266621 
1.155454 0.507127 1742557117.276670 
1.160574 0.512250 1742557117.286753 
1.165695 0.512250 1742557117.296765 
1.170866 0.512250 1742557117.306720 
1.176038 0.517372 1742557117.316744 
1.181159 0.517372 1742557117.326697 
1.186228 0.512250 1742557117.336798 
1.191298 0.507127 1742557117.346572 
1.196368 0.507127 1742557117.356507 
1.201386 0.507127 1742557117.366497 
1.206455 0.507127 1742557117.376616 
1.211627 0.507127 1742557117.386579 
1.216748 0.512250 1742557117.396694 
1.222023 0.517372 1742557117.406761 
1.227297 0.527617 1742557117.416779 
1.232469 0.527617 1742557117.426747 
1.237590 0.517372 1742557117.436777 
1.242711 0.512250 1742557117.446749 
1.247679 0.512250 1742557117.456617 
1.252749 0.507127 1742557117.466705 
1.257870 0.507127 1742557117.476835 
1.263042 0.512250 1742557117.486759 
1.268113 0.512250 1742557117.496798 
1.273388 0.517372 1742557117.506753 
1.278509 0.512250 1742557117.516686 
1.283579 0.512250 1742557117.526641 
1.288650 0.507127 1742557117.536688 
1.293720 0.507127 1742557117.546616 
1.298790 0.507127 1742557117.556665 
1.303809 0.507127 1742557117.566680 
1.308880 0.507127 1742557117.576709 
1.314104 0.507127 1742557117.586661 
1.319277 0.517372 1742557117.596816 
1.324501 0.522495 1742557117.606700 
1.329674 0.517372 1742557117.616678 
1.334847 0.517372 1742557117.626672 
1.340020 0.517372 1742557117.636649 
1.345040 0.517372 1742557117.646785 
1.350059 0.502005 1742557117.656693 
1.355027 0.502005 1742557117.666655 
1.360098 0.502005 1742557117.676781 
1.365271 0.507127 1742557117.686685 
1.370393 0.512250 1742557117.696751 
1.375566 0.517372 1742557117.706651 
1.380688 0.512250 1742557117.717010 
1.385811 0.512250 1742557117.726726 
1.390881 0.512250 1742557117.736729 
1.395952 0.507127 1742557117.746650 
1.400972 0.507127 1742557117.756884 
1.406043 0.507127 1742557117.766655 
1.411216 0.507127 1742557117.776665 
1.416389 0.517372 1742557117.786742 
1.421665 0.517372 1742557117.796838 
1.426941 0.527617 1742557117.806748 
1.432165 0.527617 1742557117.816817 
1.437390 0.522495 1742557117.826702 
1.442410 0.522495 1742557117.836860 
1.447583 0.517372 1742557117.846789 
1.452552 0.502005 1742557117.856861 
1.457623 0.507127 1742557117.866849 
1.462694 0.507127 1742557117.876753 
1.467765 0.507127 1742557117.886668 
1.472938 0.507127 1742557117.896805 
1.478112 0.517372 1742557117.906763 
1.483234 0.517372 1742557117.916797 
1.488357 0.512250 1742557117.926789 
1.493376 0.512250 1742557117.936827 
1.498499 0.512250 1742557117.946758 
1.503467 0.502005 1742557117.956736 
1.508538 0.507127 1742557117.966744 
1.513661 0.507127 1742557117.976787 
1.518834 0.512250 1742557117.986672 
1.523957 0.512250 1742557117.996901 
1.529233 0.517372 1742557118.006778 
1.534304 0.512250 1742557118.016818 
1.539478 0.517372 1742557118.026716 
1.544395 0.507127 1742557118.036687 
1.549415 0.502005 1742557118.046667 
1.554435 0.502005 1742557118.056750 
1.559455 0.502005 1742557118.066691 
1.564577 0.502005 1742557118.076768 
1.569700 0.512250 1742557118.086716 
1.574925 0.512250 1742557118.096770 
1.580047 0.512250 1742557118.106784 
1.585221 0.517372 1742557118.116764 
1.590343 0.512250 1742557118.126690 
1.595414 0.512250 1742557118.136685 
1.600486 0.507127 1742557118.146699 
1.605454 0.507127 1742557118.156758 
1.610577 0.507127 1742557118.166696 
1.615751 0.512250 1742557118.176743 
1.620873 0.512250 1742557118.186653 
1.626149 0.517372 1742557118.196740 
1.631425 0.527617 1742557118.206663 
1.636650 0.527617 1742557118.216853 
1.641978 0.527617 1742557118.226699 
1.646998 0.522495 1742557118.236685 
1.652171 0.517372 1742557118.246708 
1.657191 0.502005 1742557118.256686 
1.662211 0.502005 1742557118.266664 
1.667283 0.502005 1742557118.276756 
1.672405 0.507127 1742557118.286660 
1.677579 0.512250 1742557118.296716 
1.682752 0.517372 1742557118.306699 
1.687977 0.517372 1742557118.316696 
1.693151 0.517372 1742557118.326682 
1.698222 0.517372 1742557118.336709 
1.703294 0.507127 1742557118.346758 
1.708314 0.507127 1742557118.356751 
1.713436 0.507127 1742557118.366708 
1.718456 0.502005 1742557118.376749 
1.723630 0.512250 1742557118.386747 
1.728804 0.517372 1742557118.396734 
1.734029 0.517372 1742557118.406692 
1.739254 0.522495 1742557118.416750 
1.744479 0.522495 1742557118.426703 
1.749550 0.522495 1742557118.436858 
1.754672 0.512250 1742557118.446684 
1.759692 0.507127 1742557118.456799 
1.764815 0.512250 1742557118.466674 
1.769886 0.507127 1742557118.476940 
1.775060 0.512250 1742557118.486673 
1.780387 0.517372 1742557118.496713 
1.785612 0.522495 1742557118.506751 
1.790786 0.522495 1742557118.516796 
1.796011 0.522495 1742557118.526667 
1.801133 0.517372 1742557118.536668 
1.806256 0.512250 1742557118.546671 
1.811430 0.512250 1742557118.556654 
1.816552 0.512250 1742557118.566729 
1.821623 0.512250 1742557118.576725 
1.826848 0.512250 1742557118.586871 
1.832124 0.522495 1742557118.596673 
1.837349 0.522495 1742557118.606651 
1.842523 0.522495 1742557118.616657 
1.847748 0.522495 1742557118.626722 
1.852819 0.517372 1742557118.636667 
1.857891 0.507127 1742557118.646626 
1.862911 0.507127 1742557118.656766 
1.867982 0.507127 1742557118.666711 
1.873104 0.507127 1742557118.676730 
1.878124 0.507127 1742557118.686650 
1.883247 0.512250 1742557118.696626 
1.888420 0.512250 1742557118.706622 
1.893594 0.517372 1742557118.716673 
1.898665 0.517372 1742557118.726620 
1.903634 0.507127 1742557118.736623 
1.908654 0.502005 1742557118.746636 
1.913674 0.502005 1742557118.756658 
1.918643 0.502005 1742557118.766681 
1.923765 0.502005 1742557118.776717 
1.928939 0.512250 1742557118.786723 
1.934061 0.512250 1742557118.796787 
1.939286 0.517372 1742557118.806742 
1.944460 0.517372 1742557118.816784 
1.949633 0.517372 1742557118.826995 
1.954653 0.517372 1742557118.836800 
1.959673 0.502005 1742557118.846711 
1.964591 0.502005 1742557118.856710 
1.969610 0.502005 1742557118.866711 
1.974682 0.502005 1742557118.876818 
1.979702 0.502005 1742557118.886781 
1.984824 0.507127 1742557118.896713 
1.989946 0.512250 1742557118.906645 
1.995069 0.512250 1742557118.916692 
2.000089 0.512250 1742557118.926706 
2.005211 0.512250 1742557118.936755 
2.010282 0.507127 1742557118.946704 
2.015353 0.507127 1742557118.956758 
2.020373 0.507127 1742557118.966778 
2.025547 0.507127 1742557118.976716 
2.030618 0.507127 1742557118.986756 
2.035843 0.517372 1742557118.996761 
2.041170 0.522495 1742557119.006695 
2.046344 0.522495 1742557119.016835 
2.051620 0.527617 1742557119.026742 
2.056845 0.522495 1742557119.036848 
2.061967 0.522495 1742557119.046690 
2.067090 0.512250 1742557119.056784 
2.072161 0.512250 1742557119.066695 
2.077232 0.507127 1742557119.076670 
2.082201 0.507127 1742557119.086663 
2.087272 0.507127 1742557119.096772 
2.092394 0.507127 1742557119.106684 
2.097517 0.512250 1742557119.116804 
2.102690 0.512250 1742557119.126760 
2.107761 0.512250 1742557119.136762 
2.112832 0.507127 1742557119.146792 
2.117955 0.507127 1742557119.156817 
2.122975 0.507127 1742557119.166743 
2.128046 0.507127 1742557119.176797 
2.133168 0.507127 1742557119.186748 
2.138342 0.512250 1742557119.196795 
2.143567 0.517372 1742557119.206748 
2.148689 0.517372 1742557119.216760 
2.153862 0.517372 1742557119.226960 
2.158780 0.512250 1742557119.236874 
2.163800 0.502005 1742557119.246883 
2.168769 0.496882 1742557119.256816 
2.173737 0.496882 1742557119.266798 
2.178860 0.496882 1742557119.276807 
2.183982 0.512250 1742557119.286842 
2.189258 0.512250 1742557119.296944 
2.194483 0.522495 1742557119.306799 
2.199657 0.522495 1742557119.316886 
2.204933 0.522495 1742557119.326806 
2.210004 0.517372 1742557119.336830 
2.215280 0.527617 1742557119.346761 
2.220453 0.517372 1742557119.356847 
2.225627 0.517372 1742557119.366770 
2.230749 0.517372 1742557119.376723 
2.235821 0.512250 1742557119.386808 
2.241097 0.512250 1742557119.396815 
2.246270 0.517372 1742557119.406736 
2.251495 0.522495 1742557119.416691 
2.256720 0.522495 1742557119.426739 
2.261945 0.522495 1742557119.436906 
2.267169 0.522495 1742557119.446804 
2.272189 0.522495 1742557119.456852 
2.277261 0.507127 1742557119.466824 
2.282229 0.502005 1742557119.476777 
2.287352 0.507127 1742557119.486793 
2.292423 0.507127 1742557119.496775 
2.297596 0.512250 1742557119.506894 
2.302770 0.517372 1742557119.516706 
2.307944 0.517372 1742557119.526716 
2.313015 0.517372 1742557119.536625 
2.318086 0.507127 1742557119.546704 
2.323055 0.507127 1742557119.556691 
2.328023 0.496882 1742557119.566776 
2.333094 0.496882 1742557119.576759 
2.338063 0.496882 1742557119.586779 
2.343032 0.496882 1742557119.596727 
2.348154 0.496882 1742557119.606683 
2.353276 0.512250 1742557119.616753 
2.358399 0.512250 1742557119.626704 
2.363470 0.512250 1742557119.636653 
2.368644 0.512250 1742557119.646724 
2.373766 0.512250 1742557119.656708 
2.378888 0.512250 1742557119.666698 
2.384113 0.512250 1742557119.676705 
2.389338 0.522495 1742557119.686693 
2.394512 0.522495 1742557119.696847 
2.399685 0.517372 1742557119.706656 
2.404910 0.517372 1742557119.716703 
2.410135 0.522495 1742557119.726658 
2.415257 0.522495 1742557119.736872 
2.420533 0.522495 1742557119.746675 
2.425553 0.512250 1742557119.756777 
2.430727 0.517372 1742557119.766719 
2.435849 0.512250 1742557119.776704 
2.441023 0.517372 1742557119.786699 
2.446248 0.517372 1742557119.796739 
2.451472 0.522495 1742557119.806739 
2.456646 0.522495 1742557119.816769 
2.461922 0.522495 1742557119.826720 
2.467044 0.517372 1742557119.836664 
2.472167 0.512250 1742557119.846664 
2.477289 0.512250 1742557119.856798 
2.482309 0.512250 1742557119.866666 
2.487329 0.502005 1742557119.876717 
2.492400 0.502005 1742557119.886658 
2.497522 0.507127 1742557119.896706 
2.502542 0.507127 1742557119.906728 
2.507562 0.502005 1742557119.916706 
2.512531 0.502005 1742557119.926674 
2.517448 0.496882 1742557119.936686 
2.522468 0.496882 1742557119.946663 
2.527488 0.502005 1742557119.956679 
2.532610 0.502005 1742557119.966674 
2.537732 0.512250 1742557119.976706 
2.542855 0.512250 1742557119.986660 
2.548131 0.512250 1742557119.996721 
2.553509 0.527617 1742557120.006698 
2.558734 0.527617 1742557120.016721 
2.564112 0.537862 1742557120.026723 
2.569235 0.522495 1742557120.036696 
2.574357 0.512250 1742557120.046762 
2.579428 0.512250 1742557120.056669 
2.584397 0.507127 1742557120.066703 
2.589468 0.507127 1742557120.076742 
2.594590 0.507127 1742557120.086694 
2.599764 0.512250 1742557120.096802 
2.604988 0.517372 1742557120.106699 
2.610111 0.517372 1742557120.116825 
2.615336 0.522495 1742557120.126776 
2.620355 0.512250 1742557120.136848 
2.625529 0.517372 1742557120.146751 
2.630498 0.502005 1742557120.156746 
2.635620 0.512250 1742557120.166808 
2.640640 0.502005 1742557120.176749 
2.645711 0.507127 1742557120.186747 
2.650987 0.507127 1742557120.196730 
2.656212 0.522495 1742557120.206720 
2.661437 0.522495 1742557120.216803 
2.666662 0.522495 1742557120.226753 
2.671733 0.522495 1742557120.236693 
2.676855 0.512250 1742557120.246662 
2.681926 0.507127 1742557120.256800 
2.687049 0.512250 1742557120.266835 
2.692171 0.512250 1742557120.276751 
2.697293 0.512250 1742557120.286662 
2.702365 0.512250 1742557120.296742 
2.707589 0.512250 1742557120.306713 
2.712763 0.517372 1742557120.316677 
2.717885 0.517372 1742557120.326628 
2.723008 0.512250 1742557120.336856 
2.728181 0.512250 1742557120.346685 
2.733253 0.512250 1742557120.356663 
2.738375 0.512250 1742557120.366637 
2.743549 0.512250 1742557120.376707 
2.748671 0.512250 1742557120.386627 
2.753793 0.512250 1742557120.396659 
2.758967 0.512250 1742557120.406766 
2.764141 0.517372 1742557120.416762 
2.769314 0.517372 1742557120.426730 
2.774334 0.517372 1742557120.436869 
2.779508 0.517372 1742557120.446816 
2.784579 0.507127 1742557120.456759 
2.789701 0.512250 1742557120.466675 
2.794772 0.507127 1742557120.476750 
2.799946 0.512250 1742557120.486784 
2.805120 0.517372 1742557120.496801 
2.810345 0.517372 1742557120.506787 
2.815467 0.517372 1742557120.516870 
2.820589 0.512250 1742557120.526795 
2.825712 0.512250 1742557120.536810 
2.830834 0.512250 1742557120.546803 
2.835957 0.512250 1742557120.556850 
2.841181 0.512250 1742557120.566746 
2.846304 0.512250 1742557120.576728 
2.851631 0.522495 1742557120.586779 
2.856958 0.532740 1742557120.596752 
2.862235 0.532740 1742557120.606767 
2.867459 0.527617 1742557120.616699 
2.872582 0.522495 1742557120.626700 
2.877807 0.522495 1742557120.636821 
2.882929 0.512250 1742557120.646748 
2.887949 0.512250 1742557120.656742 
2.893020 0.507127 1742557120.666712 
2.898040 0.502005 1742557120.676710 
2.903214 0.507127 1742557120.686766 
2.908336 0.512250 1742557120.696772 
2.913510 0.517372 1742557120.706717 
2.918530 0.512250 1742557120.716729 
2.923652 0.512250 1742557120.726703 
2.928672 0.502005 1742557120.736684 
2.933743 0.507127 1742557120.746710 
2.938763 0.502005 1742557120.756744 
2.943834 0.507127 1742557120.766685 
2.948854 0.502005 1742557120.776737 
2.954028 0.507127 1742557120.786653 
2.959150 0.512250 1742557120.796816 
2.964426 0.517372 1742557120.806726 
2.969395 0.512250 1742557120.816740 
2.974518 0.512250 1742557120.826696 
2.979537 0.502005 1742557120.836710 
2.984711 0.512250 1742557120.846767 
2.989680 0.502005 1742557120.856703 
2.994854 0.517372 1742557120.866743 
2.999925 0.507127 1742557120.876740 
3.005150 0.517372 1742557120.886695 
3.010272 0.512250 1742557120.896696 
3.015394 0.512250 1742557120.906702 
3.020619 0.512250 1742557120.916756 
3.025691 0.512250 1742557120.926725 
3.030864 0.517372 1742557120.936689 
3.036038 0.517372 1742557120.946711 
3.041212 0.517372 1742557120.956720 
3.046437 0.517372 1742557120.966718 
3.051610 0.517372 1742557120.976704 
3.056989 0.522495 1742557120.986702 
3.062214 0.522495 1742557120.996733 
3.067490 0.527617 1742557121.006660 
3.072612 0.522495 1742557121.016612 
3.077735 0.512250 1742557121.026643 
3.082755 0.512250 1742557121.036709 
3.087723 0.502005 1742557121.046653 
3.092692 0.496882 1742557121.056713 
3.097661 0.496882 1742557121.066626 
3.102630 0.496882 1742557121.076663 
3.107752 0.496882 1742557121.086655 
3.112875 0.512250 1742557121.096682 
3.118048 0.512250 1742557121.106805 
3.123324 0.517372 1742557121.116737 
3.128344 0.517372 1742557121.126708 
3.133416 0.507127 1742557121.136825 
3.138487 0.507127 1742557121.146737 
3.143456 0.507127 1742557121.156750 
3.148476 0.502005 1742557121.166645 
3.153598 0.502005 1742557121.176733 
3.158721 0.512250 1742557121.186665 
3.163843 0.512250 1742557121.196744 
3.169068 0.512250 1742557121.206642 
3.174293 0.522495 1742557121.216693 
3.179466 0.522495 1742557121.226653 
3.184486 0.517372 1742557121.236731 
3.189609 0.512250 1742557121.246642 
3.194527 0.502005 1742557121.256651 
3.199649 0.512250 1742557121.266656 
3.204669 0.502005 1742557121.276642 
3.209843 0.512250 1742557121.286615 
3.215016 0.517372 1742557121.296700 
3.220241 0.517372 1742557121.306772 
3.225517 0.522495 1742557121.316758 
3.230640 0.522495 1742557121.326698 
3.235711 0.512250 1742557121.336741 
3.240834 0.512250 1742557121.346741 
3.245854 0.507127 1742557121.356755 
3.250976 0.512250 1742557121.366686 
3.255996 0.502005 1742557121.376728 
3.261119 0.512250 1742557121.386624 
3.266241 0.512250 1742557121.396674 
3.271364 0.512250 1742557121.406656 
3.276486 0.512250 1742557121.416710 
3.281608 0.512250 1742557121.426658 
3.286628 0.512250 1742557121.437037 
3.291751 0.512250 1742557121.446758 
3.296771 0.502005 1742557121.456886 
3.301842 0.507127 1742557121.466665 
3.306914 0.507127 1742557121.476695 
3.312138 0.507127 1742557121.486669 
3.317363 0.522495 1742557121.496788 
3.322640 0.522495 1742557121.506690 
3.327813 0.522495 1742557121.516713 
3.332936 0.517372 1742557121.526654 
3.337905 0.512250 1742557121.536772 
3.342976 0.507127 1742557121.546760 
3.347996 0.502005 1742557121.556768 
3.353016 0.502005 1742557121.566760 
3.358138 0.502005 1742557121.576831 
3.363261 0.512250 1742557121.586800 
3.368435 0.512250 1742557121.596800 
3.373660 0.517372 1742557121.606750 
3.378884 0.522495 1742557121.616713 
3.384058 0.522495 1742557121.626782 
3.389181 0.517372 1742557121.636791 
3.394252 0.512250 1742557121.646731 
3.399272 0.507127 1742557121.656736 
3.404292 0.502005 1742557121.666773 
3.409312 0.502005 1742557121.676707 
3.414486 0.502005 1742557121.686703 
3.419608 0.512250 1742557121.696831 
3.424782 0.517372 1742557121.706721 
3.429904 0.512250 1742557121.716713 
3.435078 0.517372 1742557121.726694 
3.440149 0.512250 1742557121.736753 
3.445221 0.507127 1742557121.746704 
3.450292 0.507127 1742557121.756825 
3.455466 0.507127 1742557121.766750 
3.460588 0.512250 1742557121.776700 
3.465762 0.517372 1742557121.786691 
3.470987 0.517372 1742557121.796720 
3.476212 0.522495 1742557121.806685 
3.481437 0.522495 1742557121.816738 
3.486662 0.522495 1742557121.826730 
3.491835 0.522495 1742557121.836726 
3.496958 0.517372 1742557121.846716 
3.502029 0.512250 1742557121.856704 
3.507100 0.507127 1742557121.866701 
3.512120 0.507127 1742557121.876680 
3.517192 0.507127 1742557121.886718 
3.522365 0.507127 1742557121.896706 
3.527539 0.517372 1742557121.906733 
3.532764 0.517372 1742557121.916823 
3.537887 0.517372 1742557121.926693 
3.542958 0.512250 1742557121.936809 
3.548080 0.512250 1742557121.946735 
3.553100 0.507127 1742557121.957014 
3.558120 0.502005 1742557121.966690 
3.563192 0.502005 1742557121.976711 
3.568365 0.507127 1742557121.986723 
3.573539 0.517372 1742557121.996778 
3.578764 0.517372 1742557122.006694 
3.583989 0.522495 1742557122.016830 
3.589111 0.522495 1742557122.026661 
3.594131 0.512250 1742557122.036706 
3.599254 0.512250 1742557122.046682 
3.604120 0.502005 1742557122.056667 
3.609140 0.502005 1742557122.066828 
3.614263 0.502005 1742557122.076679 
3.619283 0.502005 1742557122.086861 
3.624405 0.512250 1742557122.096785 
3.629579 0.512250 1742557122.107027 
3.634907 0.517372 1742557122.116777 
3.640131 0.522495 1742557122.126663 
3.645254 0.522495 1742557122.136787 
3.650428 0.517372 1742557122.146747 
3.655550 0.512250 1742557122.156672 
3.660724 0.517372 1742557122.166658 
3.665795 0.512250 1742557122.176663 
3.670969 0.517372 1742557122.186738 
3.676194 0.517372 1742557122.196789 
3.681368 0.517372 1742557122.206709 
3.686592 0.522495 1742557122.216726 
3.691766 0.517372 1742557122.226760 
3.696940 0.517372 1742557122.236749 
3.702062 0.517372 1742557122.246747 
3.707185 0.512250 1742557122.256730 
3.712256 0.512250 1742557122.266739 
3.717276 0.507127 1742557122.276686 
3.722296 0.502005 1742557122.286774 
3.727419 0.502005 1742557122.296782 
3.732541 0.512250 1742557122.306704 
3.737715 0.512250 1742557122.316804 
3.742786 0.512250 1742557122.326745 
3.747857 0.507127 1742557122.336776 
3.752928 0.507127 1742557122.346649 
3.757948 0.507127 1742557122.356755 
3.763020 0.507127 1742557122.366707 
3.768040 0.502005 1742557122.376699 
3.773060 0.502005 1742557122.386714 
3.778285 0.502005 1742557122.396741 
3.783407 0.512250 1742557122.406678 
3.788581 0.517372 1742557122.416777 
3.793754 0.517372 1742557122.426679 
3.798877 0.517372 1742557122.436787 
3.804051 0.517372 1742557122.446718 
3.809019 0.512250 1742557122.456689 
3.813117 0.496882 1742557122.466709 
3.816857 0.409800 1742557122.476757 
3.820545 0.373943 1742557122.486652 
3.823362 0.368820 1742557122.496697 
3.824694 0.281737 1742557122.506712 
3.825667 0.133185 1742557122.516734 
3.827614 0.133185 1742557122.526673 
3.830022 0.194655 1742557122.536831 
3.831866 0.194655 1742557122.546704 
3.833197 0.184410 1742557122.556691 
3.834581 0.138307 1742557122.566690 
3.836373 0.138307 1742557122.576724 
3.837808 0.143430 1742557122.586698 
3.838627 0.143430 1742557122.596646 
3.839191 0.081960 1742557122.606678 
3.839805 0.061470 1742557122.616738 
3.840727 0.061470 1742557122.626779 
3.841701 0.092205 1742557122.636761 
3.842418 0.092205 1742557122.646695 
3.843084 0.071715 1742557122.656698 
3.843442 0.066592 1742557122.666694 
3.843647 0.035857 1742557122.676722 
3.843801 0.020490 1742557122.686673 
3.843801 0.015367 1742557122.696739 
3.843750 0.000000 1742557122.706640 
3.843750 0.000000 1742557122.716759 
3.843647 -0.005122 1742557122.726652 
3.843442 -0.010245 1742557122.736823 
3.843289 -0.015367 1742557122.746777 
3.843084 -0.020490 1742557122.757041 
3.842879 -0.020490 1742557122.766668 
3.842725 -0.020490 1742557122.776753 
3.842623 -0.015367 1742557122.786739 
3.842469 -0.015367 1742557122.796750 
3.842367 -0.010245 1742557122.806754 
3.842264 -0.010245 1742557122.816762 
3.842162 -0.010245 1742557122.826693 
3.842059 -0.010245 1742557122.836724 
3.841957 -0.010245 1742557122.846733 
3.841906 -0.010245 1742557122.856756 
3.841906 -0.005122 1742557122.866727 
3.841906 0.000000 1742557122.876646 
3.841906 0.000000 1742557122.886690 
3.841906 0.000000 1742557122.896678 
3.841906 0.000000 1742557122.906695 
3.841906 0.000000 1742557122.916725 
3.841854 0.000000 1742557122.926798 
3.841854 0.000000 1742557122.936785 
3.841854 0.000000 1742557122.946565 
3.841854 0.000000 1742557122.956521 
3.841854 0.000000 1742557122.966785 
3.841854 0.000000 1742557122.976650 
3.841854 0.000000 1742557122.986688 
3.841854 0.000000 1742557122.996784 
3.841854 0.000000 1742557123.006651 
3.841854 0.000000 1742557123.016828 
3.841854 0.000000 1742557123.026721 
3.841854 0.000000 1742557123.036695 
3.841854 0.000000 1742557123.046700 
3.841854 0.000000 1742557123.056799 
3.841854 0.000000 1742557123.066724 
3.841854 0.000000 1742557123.076677 
3.841854 0.000000 1742557123.086568 
3.841854 0.000000 1742557123.096611 
3.841854 0.000000 1742557123.106568 
3.841854 0.000000 1742557123.116730 
3.841854 0.000000 1742557123.126652 
3.841854 0.000000 1742557123.136741 
3.841854 0.000000 1742557123.146730 
3.841854 0.000000 1742557123.156767 
3.841854 0.000000 1742557123.166844 
3.841854 0.000000 1742557123.176732 
3.841854 0.000000 1742557123.186885 
3.841854 0.000000 1742557123.196763 
3.841854 0.000000 1742557123.206799 
3.841803 0.000000 1742557123.216690 
3.841803 0.000000 1742557123.226690 
3.841803 0.000000 1742557123.236701 
3.841803 0.000000 1742557123.246706 
3.841803 0.000000 1742557123.256742 
3.841803 0.000000 1742557123.266696 
3.841803 0.000000 1742557123.276728 
3.841803 0.000000 1742557123.286709 
3.841803 0.000000 1742557123.296676 
3.841803 0.000000 1742557123.306640 
3.841803 0.000000 1742557123.316716 
3.841803 0.000000 1742557123.326689 
3.841803 0.000000 1742557123.336717 
3.841803 0.000000 1742557123.346700 
3.841803 0.000000 1742557123.356809 
3.841752 0.000000 1742557123.366703 
3.841752 0.000000 1742557123.376702 
3.841752 0.000000 1742557123.386693 
3.841752 0.000000 1742557123.396811 
3.841752 0.000000 1742557123.406693 
3.841752 0.000000 1742557123.416724 
3.841752 0.000000 1742557123.426670 
3.841752 0.000000 1742557123.436710 
3.841752 0.000000 1742557123.446627 
3.841752 0.000000 1742557123.456542 
3.841752 0.000000 1742557123.466490 
3.841752 0.000000 1742557123.476571 
3.841752 0.000000 1742557123.486487 
3.841752 0.000000 1742557123.496533 
3.841752 0.000000 1742557123.506589 
3.841752 0.000000 1742557123.516698 
3.841752 0.000000 1742557123.526673 
3.841752 0.000000 1742557123.536659 
3.841752 0.000000 1742557123.546658 
3.841752 0.000000 1742557123.556663 
3.841752 0.000000 1742557123.566622 
3.841701 0.000000 1742557123.576670 
3.841701 0.000000 1742557123.586627 
3.841701 0.000000 1742557123.596710 
3.841701 0.000000 1742557123.606668 
3.841701 0.000000 1742557123.616737 
3.841701 0.000000 1742557123.626717 
3.841701 0.000000 1742557123.636696 
3.841701 0.000000 1742557123.646732 
3.841701 0.000000 1742557123.656804 
3.841701 0.000000 1742557123.666753 
3.841701 0.000000 1742557123.676764 
3.841701 0.000000 1742557123.686684 
3.841701 0.000000 1742557123.696696 
3.841701 0.000000 1742557123.706698 
3.841701 0.000000 1742557123.716686 
3.841701 0.000000 1742557123.726751 
3.841701 0.000000 1742557123.736779 
3.841701 0.000000 1742557123.746731 
3.841701 0.000000 1742557123.756730 
3.841701 0.000000 1742557123.766707 
3.841701 0.000000 1742557123.776712 
3.841701 0.000000 1742557123.786751 
3.841701 0.000000 1742557123.796704 
3.841701 0.000000 1742557123.806725 
3.841701 0.000000 1742557123.816799 
3.841701 0.000000 1742557123.826715 
3.841701 0.000000 1742557123.836715 
3.841701 0.000000 1742557123.846660 
3.841701 0.000000 1742557123.856831 
3.841701 0.000000 1742557123.866678 
3.841701 0.000000 1742557123.876661 
3.841701 0.000000 1742557123.886893 
3.841701 0.000000 1742557123.896652 
3.841701 0.000000 1742557123.906779 
3.841701 0.000000 1742557123.916708 
3.841701 0.000000 1742557123.926695 
3.841701 0.000000 1742557123.936764 
3.841701 0.000000 1742557123.946683 
3.841701 0.000000 1742557123.956803 
3.841701 0.000000 1742557123.966756 
3.841701 0.000000 1742557123.976907 
3.841701 0.000000 1742557123.986673 
3.841701 0.000000 1742557123.996667 
3.841701 0.000000 1742557124.006797 
3.841701 0.000000 1742557124.016687 
3.841701 0.000000 1742557124.026685 
3.841701 0.000000 1742557124.036669 
3.841701 0.000000 1742557124.046666 
3.841701 0.000000 1742557124.056755 
3.841701 0.000000 1742557124.066715 
3.841701 0.000000 1742557124.076697 
3.841701 0.000000 1742557124.086634 
3.841701 0.000000 1742557124.096678 
3.841701 0.000000 1742557124.106753 
3.841701 0.000000 1742557124.116798 
3.841701 0.000000 1742557124.126773 
3.841701 0.000000 1742557124.136711 
3.841701 0.000000 1742557124.146697 
3.841701 0.000000 1742557124.156753 
3.841701 0.000000 1742557124.166700 
3.841701 0.000000 1742557124.176708 
3.841701 0.000000 1742557124.186653 
3.841701 0.000000 1742557124.196640 
3.841701 0.000000 1742557124.206692 
3.841701 0.000000 1742557124.216738 
3.841701 0.000000 1742557124.226683 
3.841701 0.000000 1742557124.236742 
3.841701 0.000000 1742557124.246692 
3.841701 0.000000 1742557124.256703 
3.841701 0.000000 1742557124.266657 
3.841701 0.000000 1742557124.276685 
3.841701 0.000000 1742557124.286684 
3.841701 0.000000 1742557124.296812 
3.841701 0.000000 1742557124.306764 
3.841701 0.000000 1742557124.316764 
3.841701 0.000000 1742557124.326768 
3.841701 0.000000 1742557124.336739 
3.841701 0.000000 1742557124.346691 
3.841701 0.000000 1742557124.356755 
3.841701 0.000000 1742557124.366691 
3.841701 0.000000 1742557124.376664 
3.841701 0.000000 1742557124.386698 
3.841701 0.000000 1742557124.396710 
3.841701 0.000000 1742557124.406655 
3.841701 0.000000 1742557124.416692 
3.841701 0.000000 1742557124.426743 
3.841701 0.000000 1742557124.436712 
3.841701 0.000000 1742557124.446689 
3.841701 0.000000 1742557124.456721 
3.841701 0.000000 1742557124.466674 
3.841701 0.000000 1742557124.476728 
3.841701 0.000000 1742557124.486670 
3.841701 0.000000 1742557124.496666 
3.841701 0.000000 1742557124.506806 
3.841701 0.000000 1742557124.516706 
3.841701 0.000000 1742557124.526700 
3.841701 0.000000 1742557124.536748 
3.841701 0.000000 1742557124.546704 
3.841701 0.000000 1742557124.556731 
3.841701 0.000000 1742557124.566729 
3.841701 0.000000 1742557124.576724 
3.841701 0.000000 1742557124.586736 
3.841701 0.000000 1742557124.596708 
3.841701 0.000000 1742557124.606657 
3.841701 0.000000 1742557124.617149 
3.841701 0.000000 1742557124.626727 
3.841701 0.000000 1742557124.636744 
3.841701 0.000000 1742557124.646668 
3.841701 0.000000 1742557124.656647 
3.841701 0.000000 1742557124.666651 
3.841701 0.000000 1742557124.676716 
3.841701 0.000000 1742557124.686656 
3.841701 0.000000 1742557124.696787 
3.841649 0.000000 1742557124.706806 
3.841649 0.000000 1742557124.716753 
3.841649 0.000000 1742557124.726703 
3.841649 0.000000 1742557124.736721 
3.841649 0.000000 1742557124.746688 
3.841649 0.000000 1742557124.756718 
3.841649 0.000000 1742557124.766687 
3.841649 0.000000 1742557124.776726 
3.841649 0.000000 1742557124.786670 
3.841649 0.000000 1742557124.796777 
3.841649 0.000000 1742557124.806729 
3.841649 0.000000 1742557124.816747 
3.841649 0.000000 1742557124.826763 
3.841649 0.000000 1742557124.836705 
3.841649 0.000000 1742557124.846726 
3.841649 0.000000 1742557124.856719 
3.841649 0.000000 1742557124.866661 
3.841649 0.000000 1742557124.876661 
3.841649 0.000000 1742557124.886724 
3.841649 0.000000 1742557124.896787 
3.841649 0.000000 1742557124.906723 
3.841649 0.000000 1742557124.916750 
3.841649 0.000000 1742557124.926663 
3.841649 0.000000 1742557124.936665 
3.841649 0.000000 1742557124.946767 
3.841649 0.000000 1742557124.956793 
3.841649 0.000000 1742557124.966774 
3.841649 0.000000 1742557124.976764 
3.841649 0.000000 1742557124.986752 
3.841649 0.000000 1742557124.996814 
3.841649 0.000000 1742557125.006735 
3.841649 0.000000 1742557125.016867 
3.841649 0.000000 1742557125.026763 
3.841649 0.000000 1742557125.036782 
3.841649 0.000000 1742557125.046735 
3.841649 0.000000 1742557125.056811 
3.841649 0.000000 1742557125.066679 
3.841649 0.000000 1742557125.076802 
3.841649 0.000000 1742557125.086799 
3.841649 0.000000 1742557125.096667 
3.841649 0.000000 1742557125.106643 
3.841649 0.000000 1742557125.116687 
3.841649 0.000000 1742557125.126676 
3.841649 0.000000 1742557125.136741 
3.841649 0.000000 1742557125.146694 
3.841649 0.000000 1742557125.156725 
3.841649 0.000000 1742557125.166683 
3.841649 0.000000 1742557125.176750 
3.841649 0.000000 1742557125.186646 
3.841649 0.000000 1742557125.196717 
3.841649 0.000000 1742557125.206650 
3.841649 0.000000 1742557125.216682 
3.841649 0.000000 1742557125.226618 
3.841649 0.000000 1742557125.236702 
3.841649 0.000000 1742557125.246602 
3.841649 0.000000 1742557125.256783 
3.841649 0.000000 1742557125.266677 
3.841649 0.000000 1742557125.276836 
3.841649 0.000000 1742557125.286660 
3.841649 0.000000 1742557125.296654 
3.841649 0.000000 1742557125.306658 
3.841649 0.000000 1742557125.316865 
3.841649 0.000000 1742557125.326709 
3.841649 0.000000 1742557125.336701 
3.841649 0.000000 1742557125.346645 
3.841649 0.000000 1742557125.356698 
3.841649 0.000000 1742557125.366741 
3.841649 0.000000 1742557125.376887 
3.841649 0.000000 1742557125.386656 
3.841649 0.000000 1742557125.396775 
3.841649 0.000000 1742557125.406687 
3.841649 0.000000 1742557125.416750 
3.841649 0.000000 1742557125.426697 
3.841649 0.000000 1742557125.436754 
3.841649 0.000000 1742557125.446609 
3.841649 0.000000 1742557125.456762 
3.841649 0.000000 1742557125.466696 
3.841649 0.000000 1742557125.476717 
3.841649 0.000000 1742557125.486714 
3.841649 0.000000 1742557125.496637 
3.841649 0.000000 1742557125.506658 
3.841649 0.000000 1742557125.516746 
3.841649 0.000000 1742557125.526690 
3.841649 0.000000 1742557125.536674 
3.841649 0.000000 1742557125.546696 
3.841649 0.000000 1742557125.556743 
3.841649 0.000000 1742557125.566685 
3.841649 0.000000 1742557125.576724 
3.841649 0.000000 1742557125.586707 
3.841649 0.000000 1742557125.596720 
3.841649 0.000000 1742557125.606697 
3.841649 0.000000 1742557125.616719 
3.841649 0.000000 1742557125.626649 
3.841649 0.000000 1742557125.636680 
3.841649 0.000000 1742557125.646845 
3.841649 0.000000 1742557125.656810 
3.841649 0.000000 1742557125.666669 
3.841649 0.000000 1742557125.676823 
3.841649 0.000000 1742557125.686817 
3.841649 0.000000 1742557125.696727 
3.841649 0.000000 1742557125.706662 
3.841649 0.000000 1742557125.716693 
3.841649 0.000000 1742557125.726668 
3.841649 0.000000 1742557125.736780 
3.841649 0.000000 1742557125.746754 
3.841649 0.000000 1742557125.756730 
3.841649 0.000000 1742557125.766665 
3.841649 0.000000 1742557125.776777 
3.841649 0.000000 1742557125.786693 
3.841649 0.000000 1742557125.796750 
3.841649 0.000000 1742557125.806806 
3.841649 0.000000 1742557125.816758 
3.841649 0.000000 1742557125.826718 
3.841649 0.000000 1742557125.836762 
3.841649 0.000000 1742557125.846676 
3.841649 0.000000 1742557125.856690 
3.841649 0.000000 1742557125.866693 
3.841649 0.000000 1742557125.876777 
3.841649 0.000000 1742557125.886708 
3.841649 0.000000 1742557125.896699 
3.841649 0.000000 1742557125.906747 
3.841649 0.000000 1742557125.916761 
3.841649 0.000000 1742557125.926733 
3.841649 0.000000 1742557125.936698 
3.841649 0.000000 1742557125.946682 
3.841649 0.000000 1742557125.956806 
3.841649 0.000000 1742557125.966714 
3.841649 0.000000 1742557125.976723 
3.841649 0.000000 1742557125.986726 
3.841649 0.000000 1742557125.996797 
3.841649 0.000000 1742557126.006662 
3.841649 0.000000 1742557126.016752 
3.841649 0.000000 1742557126.026647 
3.841649 0.000000 1742557126.036816 
3.841649 0.000000 1742557126.046721 
3.841649 0.000000 1742557126.056716 
3.841649 0.000000 1742557126.066749 
3.841649 0.000000 1742557126.076806 
3.841649 0.000000 1742557126.086754 
3.841649 0.000000 1742557126.096727 
3.841649 0.000000 1742557126.106727 
3.841649 0.000000 1742557126.116833 
3.841649 0.000000 1742557126.126858 
3.841649 0.000000 1742557126.136713 
3.841649 0.000000 1742557126.146852 
3.841649 0.000000 1742557126.156717 
3.841649 0.000000 1742557126.166665 
3.841649 0.000000 1742557126.176698 
3.841649 0.000000 1742557126.186688 
3.841649 0.000000 1742557126.196749 
3.841649 0.000000 1742557126.206680 
3.841649 0.000000 1742557126.216746 
3.841649 0.000000 1742557126.226694 
3.841649 0.000000 1742557126.236759 
3.841649 0.000000 1742557126.246698 
3.841649 0.000000 1742557126.256695 
3.841649 0.000000 1742557126.266754 
3.841649 0.000000 1742557126.276760 
3.841649 0.000000 1742557126.286768 
3.841649 0.000000 1742557126.296743 
3.841649 0.000000 1742557126.306666 
3.841649 0.000000 1742557126.316724 
3.841649 0.000000 1742557126.326691 
3.841649 0.000000 1742557126.336807 
3.841649 0.000000 1742557126.346770 
3.841649 0.000000 1742557126.356807 
3.841649 0.000000 1742557126.366739 
3.841649 0.000000 1742557126.376744 
3.841649 0.000000 1742557126.386742 
3.841649 0.000000 1742557126.396802 
3.841649 0.000000 1742557126.406721 
3.841649 0.000000 1742557126.416765 
3.841649 0.000000 1742557126.426698 
3.841649 0.000000 1742557126.436724 
3.841649 0.000000 1742557126.446722 
3.841649 0.000000 1742557126.456807 
3.841649 0.000000 1742557126.466737 
3.841649 0.000000 1742557126.476688 
3.841649 0.000000 1742557126.486837 
3.841649 0.000000 1742557126.496755 
3.841649 0.000000 1742557126.506705 
3.841649 0.000000 1742557126.516724 
3.841649 0.000000 1742557126.526709 
3.841649 0.000000 1742557126.536710 
3.841649 0.000000 1742557126.546702 
3.841649 0.000000 1742557126.556855 
3.841649 0.000000 1742557126.566720 
3.841649 0.000000 1742557126.576687 
3.841649 0.000000 1742557126.586752 
3.841649 0.000000 1742557126.596726 
3.841649 0.000000 1742557126.606634 
3.841649 0.000000 1742557126.616656 
3.841649 0.000000 1742557126.626748 
3.841649 0.000000 1742557126.636659 
3.841649 0.000000 1742557126.646650 
3.841649 0.000000 1742557126.656754 
3.841649 0.000000 1742557126.666688 
3.841649 0.000000 1742557126.676738 
3.841649 0.000000 1742557126.686750 
